0 0 0 -1 0 1
2 2 13
0.5 0.5 
0.01 0.01 0.01 0.01 0.01 0.01 0.01 0.01 0.01 0.01 0.01 0.01 0.01 
16 16 16 16 16 16 16 16 16 16 16 16 16 
0.02 0.02 0.02 0.02 0.02 0.02 0.02 0.02 0.02 0.02 0.02 0.02 0.02 
16 16 16 16 16 16 16 16 16 16 16 16 16 
0 1 
1 0 -1 -1 1 0
2 2 13
0.716554 0.283446 
5.58057 -0.241307 -4.00148 -0.562644 -2.74976 -4.52516 -4.68157 3.99831 1.04678 3.2767 -2.64548 0.182379 0.549782 
0.625714 0.794308 1.59874 2.45737 1.85476 4.53266 3.70475 5.53185 2.91496 5.67748 5.18349 5.24106 9.20842 
4.20207 1.59701 -2.6673 -1.9787 -1.17535 -2.23173 -2.80213 -0.0685115 0.901865 3.5636 -2.34693 -1.93978 0.282 
1.6907 1.7553 4.30358 6.91917 5.29974 11.7023 8.07965 12.4393 3.97063 13.7112 13.7918 11.4371 16.0105 
0.764543 0.235457 
2 0 -1 -1 2 0
2 2 13
0.481145 0.518855 
5.99862 0.20662 -5.48424 -4.29096 -2.86889 -0.684275 -1.4624 1.54828 2.60206 4.79291 -3.39805 -4.72381 0.698074 
0.498192 1.06097 1.45338 1.3422 1.66544 4.23419 3.36365 6.53834 2.62202 6.61039 7.33887 5.0426 5.00091 
5.16681 0.835075 -4.7805 -2.72889 -1.41378 -3.63917 -1.81347 2.25899 2.81683 3.28333 -4.75578 -1.49181 0.436809 
0.693513 1.25204 2.42243 2.51769 1.59253 4.1235 4.8663 8.83775 3.71319 8.70658 5.82834 4.95112 6.76621 
0.884901 0.115099 
3 0 -1 -1 3 0
2 2 13
0.57954 0.42046 
4.17892 2.11 -3.82603 -2.94951 -1.02349 -1.99884 -1.73585 -0.30154 1.411 3.77422 -2.62041 -3.25866 0.0509946 
1.13925 2.11642 4.70096 5.59493 4.13166 8.18306 9.19764 12.9547 6.1103 12.6596 17.77 11.4292 16.62 
1.29873 1.90809 -1.08888 -2.10517 2.48776 -2.67719 0.731316 2.35187 2.54417 2.20677 -3.96994 -1.66007 1.26241 
2.76303 3.12404 5.42222 4.35101 4.78487 9.18654 10.7791 18.619 8.03423 11.585 12.0239 9.03251 16.6926 
0.761206 0.238794 
4 0 -1 0 4 1
2 1 13
0.5 0.5 
0.01 0.01 0.01 0.01 0.01 0.01 0.01 0.01 0.01 0.01 0.01 0.01 0.01 
16 16 16 16 16 16 16 16 16 16 16 16 16 
0.02 0.02 0.02 0.02 0.02 0.02 0.02 0.02 0.02 0.02 0.02 0.02 0.02 
16 16 16 16 16 16 16 16 16 16 16 16 16 
0 
5 1 1 -1 5 1
2 2 13
0.5 0.5 
0.01 0.01 0.01 0.01 0.01 0.01 0.01 0.01 0.01 0.01 0.01 0.01 0.01 
16 16 16 16 16 16 16 16 16 16 16 16 16 
0.02 0.02 0.02 0.02 0.02 0.02 0.02 0.02 0.02 0.02 0.02 0.02 0.02 
16 16 16 16 16 16 16 16 16 16 16 16 16 
0 1 
6 1 -1 -1 6 0
2 2 13
0.646729 0.353271 
5.96243 -0.0356922 -5.39915 -1.81382 -2.44153 -4.23345 -2.24378 4.14265 2.14261 2.92533 -4.62211 -0.131907 -0.713214 
0.342573 0.892455 1.81378 1.53563 1.80877 3.28671 3.48556 5.47418 2.94031 5.04422 4.64965 4.95565 7.68736 
4.92768 0.81996 -4.26003 -0.14954 -2.55241 -3.34538 -4.02149 2.03015 0.801904 3.36888 -3.03819 0.56294 0.618251 
0.769871 0.81596 3.24768 6.36186 4.52243 8.28515 4.67266 7.58982 5.37278 12.0767 7.19333 9.50805 9.24554 
0.847165 0.152835 
7 1 -1 -1 7 0
2 2 13
0.613819 0.386181 
6.21498 -0.0229677 -6.83775 -4.3662 -1.99697 -1.41728 0.156895 2.38029 3.25959 2.82361 -3.69448 -3.90891 2.01567 
0.699552 1.16562 1.72183 0.669916 1.28945 5.75451 1.94091 3.7202 1.44859 2.7615 3.0616 3.73047 3.08194 
5.71951 0.778028 -5.67092 -3.56309 -2.86205 -0.390151 -0.926445 0.747763 2.67328 3.95665 -2.81303 -3.73465 -0.296904 
0.594013 0.897235 2.16809 3.19405 3.65475 12.8038 3.26652 8.83078 5.33361 9.84449 6.49608 7.90407 6.46101 
0.902901 0.0970992 
8 1 -1 -1 8 0
2 2 13
0.404452 0.595548 
4.48178 1.3877 -3.60615 -2.98503 -0.855698 -4.41086 -0.860211 -1.4199 1.95865 1.10025 -5.48143 -5.1168 -2.50229 
0.911309 2.53308 5.56977 2.43557 3.87709 19.5242 9.80314 19.5161 9.12065 22.6567 40.368 14.1709 31.8948 
1.93044 1.31446 -1.88438 -1.60339 2.54318 -2.21722 1.10561 2.76894 2.1796 2.09374 -4.42336 -1.65438 0.874505 
4.504 2.50634 5.22747 4.36073 6.3887 10.2917 11.5704 19.7752 10.7248 10.7366 8.64091 11.5197 20.2268 
0.747491 0.252509 
9 1 -1 1 9 1
2 1 13
0.5 0.5 
0.01 0.01 0.01 0.01 0.01 0.01 0.01 0.01 0.01 0.01 0.01 0.01 0.01 
16 16 16 16 16 16 16 16 16 16 16 16 16 
0.02 0.02 0.02 0.02 0.02 0.02 0.02 0.02 0.02 0.02 0.02 0.02 0.02 
16 16 16 16 16 16 16 16 16 16 16 16 16 
0 
10 2 2 -1 10 1
2 2 13
0.5 0.5 
0.01 0.01 0.01 0.01 0.01 0.01 0.01 0.01 0.01 0.01 0.01 0.01 0.01 
16 16 16 16 16 16 16 16 16 16 16 16 16 
0.02 0.02 0.02 0.02 0.02 0.02 0.02 0.02 0.02 0.02 0.02 0.02 0.02 
16 16 16 16 16 16 16 16 16 16 16 16 16 
0 1 
11 2 -1 -1 11 0
2 2 13
0.559899 0.440101 
1.3237 2.89583 -0.486568 0.66372 1.55118 3.28639 -1.7977 -2.06493 -3.5171 -1.06127 3.79754 -4.05152 -3.00045 
1.82013 1.46519 2.17182 3.86223 3.93947 3.74373 7.79903 8.04859 4.54301 7.337 11.0024 7.36835 10.7023 
-1.27697 3.01453 2.73501 0.595912 4.41099 1.81948 3.24895 2.11879 -4.40248 -1.16172 3.13458 -2.42278 -2.82756 
1.04727 1.24768 3.79984 2.72245 13.8288 13.6528 8.652 14.3281 12.0784 16.7233 14.2581 8.38009 16.118 
0.71988 0.28012 
12 2 -1 -1 12 0
2 2 13
0.393221 0.606779 
-1.18609 3.11861 3.65443 -0.404934 1.72644 1.98455 1.14909 -1.88786 -1.12816 -2.326 1.15244 -1.77175 -2.8905 
5.34587 4.01929 14.2842 4.05034 8.94477 6.87832 9.90188 17.8732 10.1199 15.2574 10.8587 11.9963 12.8665 
-3.13949 2.77652 5.12227 -0.325854 4.8351 3.97142 3.3297 -2.29526 -2.00003 -2.22136 3.51383 0.244606 -4.7404 
0.577142 1.21452 3.94119 2.03627 5.79535 5.03267 6.71365 13.0416 7.51381 12.7234 18.021 6.89063 15.6344 
0.768748 0.231252 
13 2 -1 -1 13 0
2 2 13
0.377105 0.622895 
4.14504 2.56584 -2.35725 -1.86763 -2.47707 1.13008 -3.61764 -3.91003 -2.69823 2.94078 4.44278 -4.75292 -2.26303 
1.14297 1.3904 1.24168 4.81274 4.54966 2.64071 6.92713 4.63351 2.82532 11.0816 8.6574 5.6753 11.0876 
0.27276 0.897954 1.00447 1.61899 3.41243 1.57204 -0.257158 -0.446092 -0.51548 -2.6356 0.765243 -2.1986 -1.89473 
1.98266 4.21885 4.77628 6.37415 6.85105 6.92928 10.2204 13.3453 6.1353 8.40466 7.38466 11.7056 12.479 
0.61512 0.38488 
14 2 -1 2 14 1
2 1 13
0.5 0.5 
0.01 0.01 0.01 0.01 0.01 0.01 0.01 0.01 0.01 0.01 0.01 0.01 0.01 
16 16 16 16 16 16 16 16 16 16 16 16 16 
0.02 0.02 0.02 0.02 0.02 0.02 0.02 0.02 0.02 0.02 0.02 0.02 0.02 
16 16 16 16 16 16 16 16 16 16 16 16 16 
0 
15 3 3 -1 15 1
2 2 13
0.5 0.5 
0.01 0.01 0.01 0.01 0.01 0.01 0.01 0.01 0.01 0.01 0.01 0.01 0.01 
16 16 16 16 16 16 16 16 16 16 16 16 16 
0.02 0.02 0.02 0.02 0.02 0.02 0.02 0.02 0.02 0.02 0.02 0.02 0.02 
16 16 16 16 16 16 16 16 16 16 16 16 16 
0 1 
16 3 -1 -1 16 0
2 2 13
0.529556 0.470444 
-2.41379 -1.35153 5.76654 0.857657 4.16503 -0.842457 -0.517082 -5.78682 -0.493308 -5.18576 -1.59518 2.73974 -0.777408 
3.93453 11.1234 5.99943 5.24682 10.1439 5.54167 11.6804 28.5981 6.98509 12.5032 10.8557 9.31085 17.7621 
-3.1863 0.152503 4.45808 2.86578 5.31306 -1.16702 1.85275 -1.41623 0.430804 -1.68082 1.22937 1.34351 -0.266836 
1.2637 4.77241 6.45461 7.64695 3.57887 9.52678 6.04116 12.8109 9.00958 9.24276 6.1531 5.80928 12.129 
0.819676 0.180324 
17 3 -1 -1 17 0
2 2 13
0.489566 0.510434 
-4.94458 -0.890481 5.3278 -0.317498 3.00621 0.0800946 -1.33071 -6.95298 -2.13588 -5.04993 -0.713528 2.13623 -0.880989 
0.216012 1.67305 1.41424 2.91424 2.5746 3.82899 4.37837 8.23582 4.10668 8.87632 6.66979 6.34893 8.37051 
-5.37544 -3.15127 2.58924 -2.34771 2.09154 0.229248 0.683597 -2.33282 1.65593 -1.48584 1.63383 3.23325 -0.869211 
0.413505 1.82871 2.38461 2.93296 3.01184 5.5366 4.10794 8.50987 4.6074 9.70502 9.27758 6.74572 10.9673 
0.890798 0.109202 
18 3 -1 -1 18 0
2 2 13
0.388541 0.611459 
1.58985 -6.09884 0.692701 -1.10367 1.77958 -0.609239 1.48752 0.00927595 1.19408 -0.275223 -0.150944 3.43014 -3.12493 
2.28548 4.75617 7.02929 2.87348 8.25891 7.89573 8.77491 14.4484 5.16781 8.1897 5.52178 7.61583 12.462 
2.83828 -9.49336 3.77677 -2.03242 1.16097 -0.90871 0.958753 1.7132 2.37415 -2.23693 0.786789 4.02356 -3.1603 
0.738315 3.15936 2.31748 5.20465 5.59587 4.87788 5.35018 9.47169 5.98661 11.1202 10.4584 9.51406 11.2365 
0.897563 0.102437 
19 3 -1 3 19 1
2 1 13
0.5 0.5 
0.01 0.01 0.01 0.01 0.01 0.01 0.01 0.01 0.01 0.01 0.01 0.01 0.01 
16 16 16 16 16 16 16 16 16 16 16 16 16 
0.02 0.02 0.02 0.02 0.02 0.02 0.02 0.02 0.02 0.02 0.02 0.02 0.02 
16 16 16 16 16 16 16 16 16 16 16 16 16 
0 
20 4 4 -1 20 1
2 2 13
0.5 0.5 
0.01 0.01 0.01 0.01 0.01 0.01 0.01 0.01 0.01 0.01 0.01 0.01 0.01 
16 16 16 16 16 16 16 16 16 16 16 16 16 
0.02 0.02 0.02 0.02 0.02 0.02 0.02 0.02 0.02 0.02 0.02 0.02 0.02 
16 16 16 16 16 16 16 16 16 16 16 16 16 
0 1 
21 4 -1 -1 21 0
2 2 13
0.52848 0.47152 
2.64982 2.0298 -0.444122 -0.483957 2.18966 0.0399152 -3.2975 -5.03018 -1.15339 4.5621 -2.6749 -5.30539 5.94307 
1.97218 1.51833 1.742 2.71807 4.6176 6.85093 4.18022 5.65917 4.6232 7.30806 6.70464 6.76156 7.38672 
-0.910054 1.52042 3.34457 0.70529 4.60133 2.2749 0.508502 -2.52674 -1.30871 1.42045 -0.825977 -3.04843 2.00982 
2.10756 3.66804 3.9193 6.27873 6.45498 14.9726 10.3914 21.8194 10.6899 16.3819 14.7806 11.2411 13.8215 
0.692223 0.307777 
22 4 -1 -1 22 0
2 2 13
0.494959 0.505041 
-0.485169 1.83891 1.3513 1.0723 5.82991 1.2312 -0.977152 -3.0031 0.167624 2.58638 -3.0897 -4.24742 5.37486 
1.7722 1.71913 2.29927 2.46156 3.17678 4.79369 4.93196 11.6535 5.55046 8.14808 7.46038 7.6306 10.1885 
-3.42549 1.30829 5.86561 1.11338 6.06951 2.4991 0.55729 -2.45206 1.19212 -0.102175 -0.0375583 0.24726 -0.0805604 
0.940232 1.85193 2.68801 3.14456 4.10914 7.96663 7.17133 13.8569 7.16193 10.666 10.5133 8.95569 17.1311 
0.806224 0.193776 
23 4 -1 -1 23 0
2 2 13
0.496254 0.503746 
2.82658 0.808248 0.171251 0.873906 2.65459 -2.26472 -3.53534 -2.84013 -0.460825 0.328789 -3.36242 -2.34834 4.92648 
1.99445 1.4605 1.54283 3.04792 3.47328 7.57281 5.33715 7.13534 4.66737 9.64779 5.38729 9.72577 11.2416 
0.520697 -1.92526 1.36024 -0.961264 2.44263 0.407464 2.34806 -0.4186 2.27052 -1.65776 -0.267808 2.03005 -2.84506 
2.90056 2.7822 4.6648 4.28954 6.29603 8.583 6.88653 8.4642 3.95357 9.20341 6.94338 7.61552 11.2302 
0.702316 0.297684 
24 4 -1 4 24 1
2 1 13
0.5 0.5 
0.01 0.01 0.01 0.01 0.01 0.01 0.01 0.01 0.01 0.01 0.01 0.01 0.01 
16 16 16 16 16 16 16 16 16 16 16 16 16 
0.02 0.02 0.02 0.02 0.02 0.02 0.02 0.02 0.02 0.02 0.02 0.02 0.02 
16 16 16 16 16 16 16 16 16 16 16 16 16 
0 
25 5 5 -1 25 1
2 2 13
0.5 0.5 
0.01 0.01 0.01 0.01 0.01 0.01 0.01 0.01 0.01 0.01 0.01 0.01 0.01 
16 16 16 16 16 16 16 16 16 16 16 16 16 
0.02 0.02 0.02 0.02 0.02 0.02 0.02 0.02 0.02 0.02 0.02 0.02 0.02 
16 16 16 16 16 16 16 16 16 16 16 16 16 
0 1 
26 5 -1 -1 26 0
2 2 13
0.777321 0.222679 
4.82504 0.0211248 -1.66343 1.86104 -0.65314 -4.89088 -5.23863 1.19626 -0.638806 -0.646781 -1.36342 -0.594031 3.08499 
0.82283 1.11544 1.76752 3.27383 3.10054 4.4924 4.67248 5.90458 3.97672 8.19289 7.06597 6.97759 8.27849 
0.644155 -1.67417 2.13723 3.0516 0.191918 -3.93453 0.276341 0.593262 -1.95664 -0.206492 0.544779 0.944258 -0.301076 
5.62197 6.12226 5.84504 4.52084 8.24606 8.87757 9.85494 12.3942 12.0409 12.3766 10.4018 10.5507 12.6746 
0.736182 0.263818 
27 5 -1 -1 27 0
2 2 13
0.571563 0.428437 
4.67365 -1.39635 0.448603 4.22288 -2.09159 -6.31562 -2.53359 0.874789 -3.8727 -1.67808 0.796704 -1.09561 0.115101 
0.59482 0.64982 1.11459 1.37557 2.12766 2.08706 4.55937 4.28767 3.9269 5.37773 3.85384 5.57429 4.73384 
4.10371 -0.347637 -0.659108 3.73787 -2.00696 -5.37032 -3.00214 2.29456 -2.94724 -0.661198 -0.548016 -0.0370175 -0.472962 
0.907614 1.28861 2.28283 3.37918 3.76457 4.30951 6.28407 6.21442 5.57244 5.55232 4.871 5.74109 7.72991 
0.868674 0.131326 
28 5 -1 -1 28 0
2 2 13
0.513967 0.486033 
3.60493 0.538425 -0.413398 3.44202 0.177761 -4.75836 -2.70833 0.778312 -1.77923 -3.09731 -0.999723 -2.21977 0.62041 
1.3328 1.58382 2.83716 5.70692 4.76968 8.63932 11.1234 10.475 6.89604 12.6087 11.5594 10.1545 21.0745 
0.919383 0.325077 2.9604 2.94604 0.575609 -6.20448 2.16764 1.70505 -2.50041 0.740548 -0.611142 -0.375915 -0.0638632 
3.21199 2.82612 4.26728 3.11956 6.64296 6.40365 10.148 18.3789 7.80158 10.7338 10.5433 8.46929 14.7006 
0.740666 0.259334 
29 5 -1 5 29 1
2 1 13
0.5 0.5 
0.01 0.01 0.01 0.01 0.01 0.01 0.01 0.01 0.01 0.01 0.01 0.01 0.01 
16 16 16 16 16 16 16 16 16 16 16 16 16 
0.02 0.02 0.02 0.02 0.02 0.02 0.02 0.02 0.02 0.02 0.02 0.02 0.02 
16 16 16 16 16 16 16 16 16 16 16 16 16 
0 
30 6 6 -1 30 1
2 2 13
0.5 0.5 
0.01 0.01 0.01 0.01 0.01 0.01 0.01 0.01 0.01 0.01 0.01 0.01 0.01 
16 16 16 16 16 16 16 16 16 16 16 16 16 
0.02 0.02 0.02 0.02 0.02 0.02 0.02 0.02 0.02 0.02 0.02 0.02 0.02 
16 16 16 16 16 16 16 16 16 16 16 16 16 
0 1 
31 6 -1 -1 31 0
2 2 13
0.515135 0.484865 
5.06344 -1.63378 0.328402 4.52146 -2.66645 -6.26218 -0.509126 1.20448 -3.82635 -0.451137 0.318579 -1.95998 -0.234138 
0.629707 0.37125 0.760521 1.19701 1.17102 1.61842 6.42179 3.16826 3.29471 4.09871 3.32071 5.3682 7.60154 
5.03287 -0.114314 -2.18983 2.67083 -2.11897 -5.07407 -4.50675 2.23589 -1.24294 0.174784 -1.06697 0.0376366 0.319118 
0.75175 0.633081 1.07044 1.57978 2.88035 3.66719 4.22633 4.3085 2.71404 2.68123 3.95622 5.60348 10.6434 
0.916782 0.0832181 
32 6 -1 -1 32 0
2 2 13
0.401866 0.598134 
5.98175 0.0298843 -3.30784 -1.43703 -1.19392 -5.39888 -5.03385 1.11371 1.45216 3.04045 -1.69197 -0.32428 2.9535 
0.23877 0.526957 1.11691 1.77144 1.31471 0.488222 2.2894 5.52102 1.86418 2.41659 3.23657 3.54913 5.16874 
4.38891 -0.0275737 -0.37747 2.79444 -0.888496 -7.2203 -0.644451 0.245573 -1.42963 -1.33962 -0.199874 -0.831578 -0.997768 
0.296915 0.583691 1.6792 3.62127 3.19537 4.03516 9.4482 2.49667 5.6557 2.80462 8.13562 3.21974 21.0916 
0.760109 0.239891 
33 6 -1 -1 33 0
2 2 13
0.514118 0.485882 
3.65438 2.16847 -2.76382 -0.113786 0.779886 -5.63343 -3.00358 0.621938 2.31874 -0.644079 -1.86152 -1.40986 0.677256 
1.47553 0.990825 2.62289 6.36782 4.96573 12.3569 7.33388 15.7021 5.31406 5.34276 8.68627 6.79491 7.85961 
2.80663 0.424595 0.984947 4.22342 -0.766796 -4.19312 -0.641396 2.79468 -3.4112 -0.891259 -2.33661 -1.40746 -0.947993 
1.29359 1.06437 3.65929 2.64364 9.8178 4.17072 5.7528 5.69457 4.61214 9.79649 5.90762 7.62444 18.6627 
0.659655 0.340345 
34 6 -1 6 34 1
2 1 13
0.5 0.5 
0.01 0.01 0.01 0.01 0.01 0.01 0.01 0.01 0.01 0.01 0.01 0.01 0.01 
16 16 16 16 16 16 16 16 16 16 16 16 16 
0.02 0.02 0.02 0.02 0.02 0.02 0.02 0.02 0.02 0.02 0.02 0.02 0.02 
16 16 16 16 16 16 16 16 16 16 16 16 16 
0 
35 7 7 -1 35 1
2 2 13
0.5 0.5 
0.01 0.01 0.01 0.01 0.01 0.01 0.01 0.01 0.01 0.01 0.01 0.01 0.01 
16 16 16 16 16 16 16 16 16 16 16 16 16 
0.02 0.02 0.02 0.02 0.02 0.02 0.02 0.02 0.02 0.02 0.02 0.02 0.02 
16 16 16 16 16 16 16 16 16 16 16 16 16 
0 1 
36 7 -1 -1 36 0
2 2 13
0.426049 0.573951 
-0.255845 -3.85695 3.07721 0.463872 3.32247 -0.331638 1.03019 -2.85969 1.13557 -3.73551 -0.240315 1.61833 -1.13731 
1.61438 2.0445 2.9834 3.17154 4.1416 4.92813 4.51402 11.9192 4.31462 7.60482 6.7803 6.13023 10.3683 
0.810561 -2.17271 1.36663 -0.796576 2.7956 1.38971 2.4353 0.0697771 2.53977 -1.18256 1.03735 0.163788 -3.04449 
1.22141 6.35039 3.58285 3.1999 3.60871 6.32596 5.8545 9.59451 5.36353 9.25111 11.6328 9.21104 8.23036 
0.841346 0.158654 
37 7 -1 -1 37 0
2 2 13
0.508898 0.491102 
-1.28912 -5.72878 2.17189 -1.11088 3.14895 0.170288 2.44244 -1.63291 2.39986 -2.10299 1.0479 2.19104 -1.37694 
1.15431 1.46143 2.43646 2.33387 3.75671 4.37409 4.51819 8.55322 4.32198 8.73584 7.38799 7.78063 11.3038 
-1.16772 -6.43121 1.0674 -2.03228 2.8484 0.417915 3.11782 0.131146 3.98696 0.0984845 2.46919 2.57039 -1.5663 
1.10625 1.85714 2.533 2.37644 3.30634 4.50491 5.60245 9.08948 4.47282 7.69993 8.49578 7.69655 12.4602 
0.914437 0.0855633 
38 7 -1 -1 38 0
2 2 13
0.488592 0.511408 
0.702345 -2.92612 0.693164 -1.53288 1.56231 0.862815 2.68216 -0.509531 2.28549 -0.924972 1.19248 0.562567 -2.84079 
0.891708 8.18782 2.93283 5.53569 4.95408 5.47009 6.28372 7.83856 5.28781 10.7162 8.9465 9.75635 10.5579 
0.620928 -5.25758 -0.131219 -0.980968 2.17504 -0.496411 2.14552 0.186374 3.11015 -0.625779 1.59585 2.13607 -2.31591 
0.616063 2.89826 2.98639 5.18334 3.00369 7.02348 5.87688 10.3577 6.1039 9.96873 8.90316 6.53495 12.0722 
0.85161 0.14839 
39 7 -1 7 39 1
2 1 13
0.5 0.5 
0.01 0.01 0.01 0.01 0.01 0.01 0.01 0.01 0.01 0.01 0.01 0.01 0.01 
16 16 16 16 16 16 16 16 16 16 16 16 16 
0.02 0.02 0.02 0.02 0.02 0.02 0.02 0.02 0.02 0.02 0.02 0.02 0.02 
16 16 16 16 16 16 16 16 16 16 16 16 16 
0 
40 8 8 -1 40 1
2 2 13
0.5 0.5 
0.01 0.01 0.01 0.01 0.01 0.01 0.01 0.01 0.01 0.01 0.01 0.01 0.01 
16 16 16 16 16 16 16 16 16 16 16 16 16 
0.02 0.02 0.02 0.02 0.02 0.02 0.02 0.02 0.02 0.02 0.02 0.02 0.02 
16 16 16 16 16 16 16 16 16 16 16 16 16 
0 1 
41 8 -1 -1 41 0
2 2 13
0.570476 0.429524 
1.53798 -0.348487 1.20841 2.8229 2.54577 -3.93054 -0.924143 2.97237 -4.93142 0.155994 -0.189984 -1.07326 -1.35357 
2.52831 3.20243 5.70347 7.5709 7.68043 13.2041 16.2689 10.1864 8.45965 13.6229 9.8026 10.7329 12.2378 
-2.91765 0.80985 5.35112 1.71088 4.5487 -0.389515 2.25578 -0.19882 -2.09482 -0.94183 1.31688 -0.0463408 -1.95862 
1.83953 4.52025 5.06163 5.83719 5.41516 13.761 12.6216 12.7769 7.06176 12.6928 10.0998 12.0014 14.1606 
0.839711 0.160289 
42 8 -1 -1 42 0
2 2 13
0.494694 0.505306 
3.64431 -0.334792 -0.313944 3.57409 1.31203 -6.1905 -3.43617 2.20531 -4.59383 -1.87783 1.89365 -2.23032 0.851122 
1.50487 0.709622 1.09686 4.05515 3.50689 5.80795 8.87284 4.38631 3.60313 10.6525 6.20101 6.42891 5.66867 
1.22148 2.02691 1.98752 -2.30607 1.39221 3.62721 -2.82302 -0.367007 -5.63546 2.70198 1.79023 -4.0213 0.422965 
2.98414 2.07772 5.12466 7.48178 7.81685 6.94941 12.0794 8.49372 15.1506 11.3487 11.834 13.5671 13.4505 
0.703622 0.296378 
43 8 -1 -1 43 0
2 2 13
0.497944 0.502056 
3.31918 1.29621 -1.36742 2.10701 1.74702 -3.43379 -4.84378 1.47088 -2.91666 -0.303828 0.755569 -2.89238 1.49403 
2.0204 2.13111 2.34127 4.79276 5.13869 13.9074 8.81233 14.1722 3.10387 11.2298 10.764 10.2207 12.187 
-0.0621691 3.22658 3.38767 -3.68601 -1.38211 3.85179 0.823494 1.41464 -5.77972 -2.47369 2.47479 -1.34178 1.44918 
4.331 4.06067 5.46556 6.64341 9.20032 7.267 6.912 14.3059 12.9966 13.2369 14.5127 9.621 14.823 
0.638268 0.361732 
44 8 -1 8 44 1
2 1 13
0.5 0.5 
0.01 0.01 0.01 0.01 0.01 0.01 0.01 0.01 0.01 0.01 0.01 0.01 0.01 
16 16 16 16 16 16 16 16 16 16 16 16 16 
0.02 0.02 0.02 0.02 0.02 0.02 0.02 0.02 0.02 0.02 0.02 0.02 0.02 
16 16 16 16 16 16 16 16 16 16 16 16 16 
0 
45 9 9 -1 45 1
2 2 13
0.5 0.5 
0.01 0.01 0.01 0.01 0.01 0.01 0.01 0.01 0.01 0.01 0.01 0.01 0.01 
16 16 16 16 16 16 16 16 16 16 16 16 16 
0.02 0.02 0.02 0.02 0.02 0.02 0.02 0.02 0.02 0.02 0.02 0.02 0.02 
16 16 16 16 16 16 16 16 16 16 16 16 16 
0 1 
46 9 -1 -1 46 0
2 2 13
0.639841 0.360159 
3.35706 -1.54413 1.82996 6.67832 -0.831942 -3.07616 0.161156 1.46334 -5.09257 -2.24709 0.134243 -4.1946 -0.449035 
1.11858 1.05544 1.6384 2.45709 6.24555 4.08236 7.06747 8.27705 4.85121 8.73776 6.56517 7.73481 6.3827 
0.739407 -2.60466 3.584 3.14389 1.65812 -1.64641 3.53659 -0.201412 -1.17478 -1.75175 0.392026 0.396125 -3.34503 
1.9251 3.40472 5.22423 3.43802 5.81945 9.23687 8.2434 9.86848 5.58751 10.6744 8.60842 7.93301 13.9995 
0.720516 0.279484 
47 9 -1 -1 47 0
2 2 13
0.552398 0.447602 
3.36586 -3.14988 4.32833 7.67063 -2.25497 -1.34455 0.87104 -0.482323 -5.19553 -0.828004 -0.205202 -4.11653 0.217433 
0.891893 0.874864 1.41711 0.928471 2.92034 3.99544 2.64718 5.40928 4.54763 6.26336 8.35689 2.96187 5.6148 
2.72959 -2.84917 5.69806 6.58174 -3.8293 -0.168115 2.22844 -1.19037 -3.1982 -1.42575 -0.365355 -4.81896 0.421713 
1.17023 1.39221 2.56888 1.52833 6.80264 4.30428 3.64266 5.9906 3.50887 7.88169 7.01809 4.57338 12.5482 
0.883992 0.116008 
48 9 -1 -1 48 0
2 2 13
0.537264 0.462736 
2.20892 -0.937138 2.61311 6.6737 0.567706 -3.32263 1.97586 1.35788 -5.14878 -2.07028 -0.493007 -5.27877 0.52919 
1.93091 1.75057 2.81969 3.08438 7.30615 5.47933 13.2182 18.7565 8.00526 17.2069 13.4291 7.53412 10.4229 
0.594068 -1.31861 5.93889 5.73663 -1.35566 -1.43444 4.17045 -1.82253 -3.93989 1.5437 -3.76427 -2.71088 0.696549 
2.42942 2.31089 3.30844 3.14749 9.54737 7.20375 7.84387 12.3299 7.95956 12.9055 11.1104 8.17762 18.8685 
0.825624 0.174376 
49 9 -1 9 49 1
2 1 13
0.5 0.5 
0.01 0.01 0.01 0.01 0.01 0.01 0.01 0.01 0.01 0.01 0.01 0.01 0.01 
16 16 16 16 16 16 16 16 16 16 16 16 16 
0.02 0.02 0.02 0.02 0.02 0.02 0.02 0.02 0.02 0.02 0.02 0.02 0.02 
16 16 16 16 16 16 16 16 16 16 16 16 16 
0 
50 10 10 -1 50 1
2 2 13
0.5 0.5 
0.01 0.01 0.01 0.01 0.01 0.01 0.01 0.01 0.01 0.01 0.01 0.01 0.01 
16 16 16 16 16 16 16 16 16 16 16 16 16 
0.02 0.02 0.02 0.02 0.02 0.02 0.02 0.02 0.02 0.02 0.02 0.02 0.02 
16 16 16 16 16 16 16 16 16 16 16 16 16 
0 1 
51 10 -1 -1 51 0
2 2 13
0.564928 0.435072 
3.36476 -3.70678 5.76189 7.13524 -3.6704 0.529836 1.05763 -1.92151 -3.23709 -0.857832 0.0468266 -3.42675 0.236302 
0.447297 0.74508 1.03102 0.904984 1.30737 2.07422 1.74782 3.25649 2.90637 4.05065 5.24386 2.96485 3.89637 
2.95104 -2.35519 3.94418 7.32272 -2.32164 -1.15839 1.69343 -1.4515 -4.72284 -1.64595 -1.25601 -4.39865 -1.09126 
1.70855 1.21641 3.90139 1.44511 3.72168 6.2482 3.90738 7.25869 4.12538 5.06132 6.09038 5.303 7.52989 
0.941291 0.0587091 
52 10 -1 -1 52 0
2 2 13
0.425685 0.574315 
3.53745 -0.541478 3.85161 4.69166 -2.54026 -4.2945 4.61829 -4.32543 -2.04808 -4.55476 -1.76227 -6.6009 -1.50249 
1.08117 1.01305 4.12931 4.65832 5.3178 3.55105 10.114 28.3943 10.4342 7.99901 15.0859 7.17228 14.5602 
1.41692 -1.48243 6.11809 6.37653 -3.51833 -1.07402 2.50501 -2.47829 -4.33744 0.574123 -3.8961 -3.0182 -0.386226 
1.27111 2.08513 2.73904 2.19836 4.89161 4.19547 4.11543 4.21873 4.24943 11.1425 8.92173 5.39713 13.1512 
0.836084 0.163916 
53 10 -1 -1 53 0
2 2 13
0.737349 0.262651 
4.37976 -0.625152 0.101755 3.35167 -3.43247 -6.34046 -1.68396 0.510962 -2.18803 0.175236 0.165468 0.928439 -2.84376 
1.93394 1.89416 2.41879 3.69451 1.65702 2.64236 4.13157 4.55174 6.46811 4.61661 5.13179 5.46125 6.21201 
-0.270805 0.211571 5.38596 4.1666 -0.559563 -1.74505 5.14566 -2.87657 -3.38056 0.59634 -3.46407 -1.07886 1.3901 
4.48986 3.88509 7.15 2.32492 14.0363 7.77183 10.329 18.1285 5.82793 19.9189 40.0981 12.6561 20.4384 
0.757243 0.242757 
54 10 -1 10 54 1
2 1 13
0.5 0.5 
0.01 0.01 0.01 0.01 0.01 0.01 0.01 0.01 0.01 0.01 0.01 0.01 0.01 
16 16 16 16 16 16 16 16 16 16 16 16 16 
0.02 0.02 0.02 0.02 0.02 0.02 0.02 0.02 0.02 0.02 0.02 0.02 0.02 
16 16 16 16 16 16 16 16 16 16 16 16 16 
0 
55 11 11 -1 55 1
2 2 13
0.5 0.5 
0.01 0.01 0.01 0.01 0.01 0.01 0.01 0.01 0.01 0.01 0.01 0.01 0.01 
16 16 16 16 16 16 16 16 16 16 16 16 16 
0.02 0.02 0.02 0.02 0.02 0.02 0.02 0.02 0.02 0.02 0.02 0.02 0.02 
16 16 16 16 16 16 16 16 16 16 16 16 16 
0 1 
56 11 -1 -1 56 0
2 2 13
0.48851 0.51149 
2.76275 -1.89414 4.46335 5.82389 -2.57013 -1.40562 3.46972 -0.988421 -3.12888 -2.45862 -1.73526 -5.38277 -0.795936 
1.73428 1.4998 3.08646 1.84649 13.5947 6.05122 5.31656 10.0884 4.58944 17.1184 8.6847 9.80117 14.4858 
1.2183 -1.80517 3.35523 3.95254 0.673589 -2.52008 2.10374 -0.00857366 -1.75296 -1.90163 -0.024781 -0.703112 -1.80281 
4.25782 3.97481 8.95463 4.23685 8.09814 9.95687 10.6406 14.6497 6.52837 11.6378 13.318 9.94252 12.911 
0.799048 0.200952 
57 11 -1 -1 57 0
2 2 13
0.40136 0.59864 
3.47462 -2.68809 3.0976 7.78919 -1.54946 -1.72845 -0.195443 1.31127 -5.25941 -3.25221 1.60272 -5.34975 -0.159495 
0.825887 1.06878 2.18042 1.33154 2.58415 3.50327 5.45469 9.2656 5.35823 7.77458 8.9974 2.99037 5.91856 
2.73201 -2.25234 4.40463 6.59752 -2.60729 -2.23556 0.923768 -1.78628 -5.16773 -0.313891 -1.89145 -2.64331 -1.1517 
1.61736 1.66656 2.14457 1.44057 2.21908 5.40122 3.09098 4.03882 3.16227 5.63012 4.56573 3.79391 6.79932 
0.895102 0.104898 
58 11 -1 -1 58 0
2 2 13
0.676363 0.323637 
4.65013 -1.07229 -0.115733 3.3419 -2.09787 -5.22072 -3.80712 1.97537 -3.04491 -0.565146 0.428942 -0.872102 -0.45241 
0.724879 1.17969 1.58756 2.9526 3.94965 4.03219 8.25355 5.40974 4.23528 7.68418 4.42944 8.66548 10.4337 
2.63059 -0.307052 1.60974 5.59179 -0.320513 -4.67509 -1.97786 2.09151 -5.16124 -2.8742 1.08263 -3.05448 -0.589119 
3.21675 2.66813 2.66409 3.34578 4.89351 3.84107 12.9648 10.2968 5.92381 13.2113 7.26146 6.39039 9.4173 
0.811675 0.188325 
59 11 -1 11 59 1
2 1 13
0.5 0.5 
0.01 0.01 0.01 0.01 0.01 0.01 0.01 0.01 0.01 0.01 0.01 0.01 0.01 
16 16 16 16 16 16 16 16 16 16 16 16 16 
0.02 0.02 0.02 0.02 0.02 0.02 0.02 0.02 0.02 0.02 0.02 0.02 0.02 
16 16 16 16 16 16 16 16 16 16 16 16 16 
0 
60 12 12 -1 60 1
2 2 13
0.5 0.5 
0.01 0.01 0.01 0.01 0.01 0.01 0.01 0.01 0.01 0.01 0.01 0.01 0.01 
16 16 16 16 16 16 16 16 16 16 16 16 16 
0.02 0.02 0.02 0.02 0.02 0.02 0.02 0.02 0.02 0.02 0.02 0.02 0.02 
16 16 16 16 16 16 16 16 16 16 16 16 16 
0 1 
61 12 -1 -1 61 0
2 2 13
0.594975 0.405025 
1.00047 -5.84782 1.54335 0.432527 0.386403 -1.80959 4.37144 0.678127 0.757741 1.33508 0.812454 3.22689 -4.15936 
0.719626 2.12903 4.18836 2.84568 4.10564 5.93315 5.94528 14.5028 4.5586 10.593 10.3178 7.95933 10.6368 
1.09733 -3.9458 -1.43828 -1.69985 3.72974 0.13617 1.22748 3.42016 2.09364 0.951623 -0.404986 4.2821 -2.19467 
1.24281 3.99786 8.25281 6.22614 5.77164 8.54512 8.67022 13.9104 6.84847 13.7712 12.8371 11.5737 14.3889 
0.909872 0.0901281 
62 12 -1 -1 62 0
2 2 13
0.409867 0.590133 
0.190503 -3.21091 -0.823807 -5.36171 2.55949 5.20432 1.43356 0.43268 0.45857 2.65492 2.05464 2.31991 -0.842256 
0.951425 3.58808 7.47984 18.4172 7.405 22.809 13.1502 14.42 8.86379 18.8135 13.1586 12.2202 16.2722 
-0.848473 0.0980291 1.96527 -8.31798 -2.47618 3.93037 3.27117 5.99903 0.173012 0.104508 0.897757 1.05203 2.02895 
1.8076 3.44461 5.38466 8.32629 5.55185 8.21372 8.12949 12.7323 8.03604 12.4729 11.8403 10.9983 14.9527 
0.868875 0.131125 
63 12 -1 -1 63 0
2 2 13
0.262934 0.737066 
0.997787 -3.2352 0.865242 0.0505653 2.33708 -2.1727 2.13924 4.54272 0.977086 0.507223 -0.270783 1.15034 -2.47509 
0.925298 8.33846 3.98757 6.37455 4.5784 8.65793 10.2287 11.9247 4.28001 7.8558 9.27967 11.2051 13.7274 
0.193423 -7.92631 5.43765 0.0370144 -1.88438 2.52256 4.3341 -2.21419 2.43338 0.22094 -0.149288 4.83224 -4.5195 
0.815851 9.9559 2.75793 5.07031 3.17968 5.68043 5.67177 11.4502 6.72808 10.4977 8.62768 9.21388 14.763 
0.789964 0.210036 
64 12 -1 12 64 1
2 1 13
0.5 0.5 
0.01 0.01 0.01 0.01 0.01 0.01 0.01 0.01 0.01 0.01 0.01 0.01 0.01 
16 16 16 16 16 16 16 16 16 16 16 16 16 
0.02 0.02 0.02 0.02 0.02 0.02 0.02 0.02 0.02 0.02 0.02 0.02 0.02 
16 16 16 16 16 16 16 16 16 16 16 16 16 
0 
65 13 13 -1 65 1
2 2 13
0.5 0.5 
0.01 0.01 0.01 0.01 0.01 0.01 0.01 0.01 0.01 0.01 0.01 0.01 0.01 
16 16 16 16 16 16 16 16 16 16 16 16 16 
0.02 0.02 0.02 0.02 0.02 0.02 0.02 0.02 0.02 0.02 0.02 0.02 0.02 
16 16 16 16 16 16 16 16 16 16 16 16 16 
0 1 
66 13 -1 -1 66 0
2 2 13
0.426613 0.573387 
-4.44175 0.206238 6.05344 0.0184412 3.1889 -1.05736 -1.84842 -5.88184 -1.95394 -4.48259 0.0109958 2.13492 -0.27206 
0.288056 1.87273 2.6287 4.39204 3.74069 5.56045 7.25352 13.1685 9.66843 14.638 10.0686 6.30789 10.6119 
-3.33969 -0.248966 4.08142 0.130828 4.37106 -0.2922 0.260953 -0.259366 -0.00218384 -0.859352 1.03302 1.35473 -1.12598 
1.48612 8.23908 7.71042 8.79467 8.37798 13.5606 14.9283 17.6945 12.1107 17.4227 12.4049 10.5347 13.5468 
0.804573 0.195427 
67 13 -1 -1 67 0
2 2 13
0.547342 0.452658 
-5.24842 -2.11708 3.86656 -1.92179 2.63678 -0.0489876 -0.589954 -3.95175 0.193368 -2.86928 0.904797 2.86367 -0.48247 
0.209999 1.17765 1.89885 2.47346 2.73024 4.6594 4.98971 8.4852 5.92073 9.57918 8.53148 8.22372 10.9903 
-5.61324 -3.82015 1.81859 -3.27651 2.2252 1.05392 1.16503 -0.847126 2.67723 0.413123 3.01594 3.76225 -0.546746 
0.304164 1.44858 2.22568 2.91986 3.35781 5.49007 5.24584 9.89226 4.5269 9.05401 8.0817 7.41195 11.3335 
0.863012 0.136988 
68 13 -1 -1 68 0
2 2 13
0.432805 0.567195 
0.576276 -0.0184511 0.0777703 -8.26823 -1.89545 5.04447 1.5179 0.79739 -1.75395 -0.164834 2.30799 2.18525 0.640461 
3.29614 3.22564 7.60766 6.22247 7.62068 9.67603 10.0527 16.1361 9.85407 14.2949 12.1874 10.5371 18.0108 
1.09144 -4.17129 -0.645599 -0.851292 1.54157 -2.0688 1.27223 -0.257828 0.981751 -0.759955 0.502094 3.44259 -3.12614 
4.5173 6.49716 14.6073 7.81831 8.46873 12.736 9.38194 14.6487 6.84129 11.1695 9.28048 10.4819 14.7218 
0.787071 0.212929 
69 13 -1 13 69 1
2 1 13
0.5 0.5 
0.01 0.01 0.01 0.01 0.01 0.01 0.01 0.01 0.01 0.01 0.01 0.01 0.01 
16 16 16 16 16 16 16 16 16 16 16 16 16 
0.02 0.02 0.02 0.02 0.02 0.02 0.02 0.02 0.02 0.02 0.02 0.02 0.02 
16 16 16 16 16 16 16 16 16 16 16 16 16 
0 
70 14 14 -1 70 1
2 2 13
0.5 0.5 
0.01 0.01 0.01 0.01 0.01 0.01 0.01 0.01 0.01 0.01 0.01 0.01 0.01 
16 16 16 16 16 16 16 16 16 16 16 16 16 
0.02 0.02 0.02 0.02 0.02 0.02 0.02 0.02 0.02 0.02 0.02 0.02 0.02 
16 16 16 16 16 16 16 16 16 16 16 16 16 
0 1 
71 14 -1 -1 71 0
2 2 13
0.638281 0.361719 
2.77602 0.434524 1.56486 1.18971 1.3811 1.09343 -6.33725 -0.67122 0.71561 -1.97248 -3.73784 -1.43308 1.8982 
1.20105 1.96766 3.85301 6.2031 3.63893 6.73956 8.62712 10.5668 6.64757 15.4618 9.25226 11.8781 13.0757 
-0.42169 0.899316 4.38217 1.41255 2.88141 1.41158 -3.96069 -2.14054 1.89056 -2.5158 -4.28303 1.08744 0.477873 
3.77456 5.29549 6.12512 4.25438 5.73203 7.9895 13.033 11.08 5.75278 13.8639 12.5248 12.9231 18.4106 
0.802225 0.197775 
72 14 -1 -1 72 0
2 2 13
0.559154 0.440846 
2.21833 -2.04558 3.05649 5.27525 -0.404441 3.76188 -3.94778 -2.01872 -1.1077 -1.48344 -5.39213 -3.22339 2.56765 
0.95373 1.0615 2.18973 4.09862 2.81845 3.61485 4.85194 7.17364 5.22635 8.37693 7.34725 6.81888 11.8643 
2.19555 -0.879678 3.09953 3.03782 1.44319 4.01198 -5.59846 -2.50234 0.666464 -3.91682 -4.56721 -2.44252 2.4797 
2.31532 2.08328 3.42386 5.87682 4.54967 5.8384 15.8411 8.42375 6.02698 17.0249 11.2609 9.38977 11.1009 
0.836699 0.163301 
73 14 -1 -1 73 0
2 2 13
0.655411 0.344589 
3.07298 0.0878883 -0.0539251 3.64046 0.90236 1.54549 -4.2537 -1.95063 -1.74637 -1.61033 -1.35661 -3.95549 -0.778246 
1.12094 2.09417 4.41499 8.07522 9.61505 7.94245 10.1919 12.5126 11.3712 19.2147 11.2862 11.6652 19.8009 
0.326778 -1.35387 3.27101 3.20071 3.25916 0.952323 0.217842 -1.50978 -0.458314 -1.83992 -2.50931 -0.956805 -1.12419 
1.88925 6.54453 7.96045 7.04858 8.91483 14.8101 9.42882 12.7903 11.2892 11.7149 14.886 13.652 16.5875 
0.769378 0.230622 
74 14 -1 14 74 1
2 1 13
0.5 0.5 
0.01 0.01 0.01 0.01 0.01 0.01 0.01 0.01 0.01 0.01 0.01 0.01 0.01 
16 16 16 16 16 16 16 16 16 16 16 16 16 
0.02 0.02 0.02 0.02 0.02 0.02 0.02 0.02 0.02 0.02 0.02 0.02 0.02 
16 16 16 16 16 16 16 16 16 16 16 16 16 
0 
75 15 15 -1 75 1
2 2 13
0.5 0.5 
0.01 0.01 0.01 0.01 0.01 0.01 0.01 0.01 0.01 0.01 0.01 0.01 0.01 
16 16 16 16 16 16 16 16 16 16 16 16 16 
0.02 0.02 0.02 0.02 0.02 0.02 0.02 0.02 0.02 0.02 0.02 0.02 0.02 
16 16 16 16 16 16 16 16 16 16 16 16 16 
0 1 
76 15 -1 -1 76 0
2 2 13
0.555914 0.444086 
-0.468131 2.8202 2.1179 0.310783 4.89711 -1.7402 3.63368 0.608836 -4.45273 -1.37857 0.501589 -0.87454 -2.75917 
1.70659 1.96066 4.57936 3.50177 6.686 6.81758 10.8898 14.5752 10.3179 25.894 16.4956 14.2446 14.2888 
0.178153 2.99539 2.21513 1.39718 4.58341 -4.52082 8.15256 2.74563 -7.20598 -1.14288 -1.83676 -0.0804371 4.23343 
1.13578 0.923137 1.65881 1.04126 3.94519 5.77817 4.82794 8.60343 4.82098 9.42685 12.5706 6.71575 13.7346 
0.788849 0.211151 
77 15 -1 -1 77 0
2 2 13
0.532734 0.467266 
0.437553 1.51117 0.913144 2.00359 6.68355 -2.65494 2.57624 4.17657 -9.11966 4.19631 -0.00321178 -0.329738 -0.261935 
0.638337 1.00324 1.08635 1.30511 1.43816 2.83958 3.23725 7.64461 3.91458 10.4358 10.0876 7.42808 8.83046 
0.527468 1.34558 1.95085 0.80154 2.6902 -0.944999 7.40268 5.52292 -8.53311 1.35254 -7.79419 3.64998 3.95208 
0.92392 0.988644 1.57824 1.89475 4.06246 4.35623 3.16933 8.37893 7.95972 7.3882 12.4287 9.14233 12.6326 
0.88927 0.11073 
78 15 -1 -1 78 0
2 2 13
0.244908 0.755092 
-0.126703 2.43508 2.63021 0.857344 3.95105 -1.00053 3.76997 2.35458 -5.58981 1.00343 -1.65147 -0.777917 -2.49002 
3.55906 1.17923 5.89313 3.32296 14.7036 5.55501 9.99269 13.1006 8.95092 14.9179 25.5959 10.962 17.0543 
0.345528 2.68911 1.13341 1.70339 6.20018 -5.10029 3.24977 4.29338 -5.76934 -0.915306 2.77112 -3.4209 0.425948 
0.817769 0.956502 1.02631 1.10228 1.58753 2.5797 5.52159 7.27264 4.33475 11.3245 9.35399 4.62026 9.39838 
0.800583 0.199417 
79 15 -1 15 79 1
2 1 13
0.5 0.5 
0.01 0.01 0.01 0.01 0.01 0.01 0.01 0.01 0.01 0.01 0.01 0.01 0.01 
16 16 16 16 16 16 16 16 16 16 16 16 16 
0.02 0.02 0.02 0.02 0.02 0.02 0.02 0.02 0.02 0.02 0.02 0.02 0.02 
16 16 16 16 16 16 16 16 16 16 16 16 16 
0 
80 16 16 -1 80 1
2 2 13
0.5 0.5 
0.01 0.01 0.01 0.01 0.01 0.01 0.01 0.01 0.01 0.01 0.01 0.01 0.01 
16 16 16 16 16 16 16 16 16 16 16 16 16 
0.02 0.02 0.02 0.02 0.02 0.02 0.02 0.02 0.02 0.02 0.02 0.02 0.02 
16 16 16 16 16 16 16 16 16 16 16 16 16 
0 1 
81 16 -1 -1 81 0
2 2 13
0.433015 0.566985 
1.05683 2.69496 1.07957 0.723929 4.51922 -3.83279 2.07551 -0.737179 -0.909591 0.0902486 -4.14783 -2.98693 1.84219 
1.49216 1.67191 5.44956 3.63492 5.18544 9.30343 15.9481 20.1731 8.64429 29.8968 16.1144 10.4795 24.365 
0.71567 1.74645 2.22964 1.15454 2.40921 -3.56843 5.69264 2.13204 -5.89956 2.40757 -5.15402 2.73079 1.9856 
0.749484 1.23407 2.09493 2.32324 4.67718 7.84897 5.47497 13.8191 7.53577 15.448 18.3965 9.92114 13.7916 
0.765393 0.234607 
82 16 -1 -1 82 0
2 2 13
0.425175 0.574825 
0.473419 2.80594 1.96682 2.10345 5.47722 -5.90638 5.91359 -0.0523836 -2.81793 -0.00570719 -3.52118 -2.20142 6.18751 
0.991566 1.21459 1.82316 2.51687 3.43222 8.77389 11.8347 11.6576 6.54826 10.586 10.0275 7.97406 19.012 
0.293989 2.38222 1.96733 2.25688 3.91373 -6.55535 7.11547 0.960195 -4.58225 1.84378 -6.10688 1.59674 5.59255 
0.721506 1.08588 1.08026 1.375 1.88363 3.07117 3.34099 6.07266 4.01846 6.26149 7.43526 5.87618 10.5729 
0.877337 0.122663 
83 16 -1 -1 83 0
2 2 13
0.285598 0.714402 
1.21572 1.65597 1.34778 1.11854 3.28195 -1.40371 -0.200594 0.0033757 -0.286224 -0.523604 -2.60827 -2.09429 1.5118 
3.2823 3.36804 11.2351 4.68654 8.81897 9.7425 12.7835 17.0392 10.103 16.5054 13.764 10.9081 19.0751 
-1.7906 3.25449 4.66867 1.76354 3.78574 -3.62477 6.61972 1.06918 -2.79385 -0.358705 -5.00705 0.038367 2.04235 
0.746741 0.921238 2.36304 2.86109 3.0048 5.64458 4.11216 10.3613 5.67244 9.14178 9.15487 13.5255 20.0348 
0.738341 0.261659 
84 16 -1 16 84 1
2 1 13
0.5 0.5 
0.01 0.01 0.01 0.01 0.01 0.01 0.01 0.01 0.01 0.01 0.01 0.01 0.01 
16 16 16 16 16 16 16 16 16 16 16 16 16 
0.02 0.02 0.02 0.02 0.02 0.02 0.02 0.02 0.02 0.02 0.02 0.02 0.02 
16 16 16 16 16 16 16 16 16 16 16 16 16 
0 
85 17 17 -1 85 1
2 2 13
0.5 0.5 
0.01 0.01 0.01 0.01 0.01 0.01 0.01 0.01 0.01 0.01 0.01 0.01 0.01 
16 16 16 16 16 16 16 16 16 16 16 16 16 
0.02 0.02 0.02 0.02 0.02 0.02 0.02 0.02 0.02 0.02 0.02 0.02 0.02 
16 16 16 16 16 16 16 16 16 16 16 16 16 
0 1 
86 17 -1 -1 86 0
2 2 13
0.354213 0.645787 
1.62867 -0.810197 4.51954 2.66651 -1.84402 -1.88636 0.933047 3.18721 -2.07715 -4.14681 -1.18692 1.34315 -3.00841 
2.28167 2.455 5.7329 2.94255 6.10696 5.76235 4.03747 6.96706 4.51849 10.0452 11.3295 7.05756 8.83044 
0.353305 2.87228 2.3252 1.39403 5.0298 -6.26695 4.00668 6.05815 -5.96593 -5.52164 2.56792 0.25074 -0.390551 
1.26454 2.55811 1.68988 1.69149 2.02301 2.75035 4.30082 17.1073 6.87533 15.1739 6.53874 5.97343 8.68379 
0.949433 0.0505668 
87 17 -1 -1 87 0
2 2 13
0.522828 0.477172 
3.46388 -3.30109 5.64461 4.89573 -7.28064 0.259366 1.49608 0.542798 -2.33317 -0.269043 -0.368245 -3.86566 1.17784 
0.630811 0.105751 2.70037 0.961835 3.49783 5.72928 1.2325 5.03411 1.94933 11.9861 6.46718 5.33387 4.56463 
2.25829 -0.985275 6.65766 4.05073 -5.59804 0.0272092 4.34172 -0.52222 -1.28406 -1.78579 -1.05633 -6.68889 -0.760332 
1.7018 0.467419 3.37757 1.22879 2.18511 3.422 3.38889 5.85502 1.75559 4.25721 6.5643 11.7383 11.5799 
0.913166 0.0868336 
88 17 -1 -1 88 0
2 2 13
0.278635 0.721365 
1.43648 1.70082 -2.16974 -0.0498245 0.288272 -2.3319 -1.73865 7.39054 2.25028 -0.0874427 -0.535332 -0.857674 -7.62451 
0.280478 1.84836 2.10197 6.55752 1.97809 4.98728 2.65892 10.1743 5.22469 2.27652 1.97166 2.66666 3.18174 
4.49902 -1.66726 -0.117293 2.55856 -2.83263 -2.22396 -3.72727 4.09635 -1.61572 -0.209406 -0.0676478 -3.5775 -0.343141 
1.35603 0.703911 3.17441 5.99991 4.27061 13.7638 14.2939 7.17434 5.27742 13.5692 8.4103 7.07674 9.05938 
0.885223 0.114777 
89 17 -1 17 89 1
2 1 13
0.5 0.5 
0.01 0.01 0.01 0.01 0.01 0.01 0.01 0.01 0.01 0.01 0.01 0.01 0.01 
16 16 16 16 16 16 16 16 16 16 16 16 16 
0.02 0.02 0.02 0.02 0.02 0.02 0.02 0.02 0.02 0.02 0.02 0.02 0.02 
16 16 16 16 16 16 16 16 16 16 16 16 16 
0 
90 18 18 -1 90 1
2 2 13
0.5 0.5 
0.01 0.01 0.01 0.01 0.01 0.01 0.01 0.01 0.01 0.01 0.01 0.01 0.01 
16 16 16 16 16 16 16 16 16 16 16 16 16 
0.02 0.02 0.02 0.02 0.02 0.02 0.02 0.02 0.02 0.02 0.02 0.02 0.02 
16 16 16 16 16 16 16 16 16 16 16 16 16 
0 1 
91 18 -1 -1 91 0
2 2 13
0.591533 0.408467 
4.8049 1.27015 -0.424102 -2.66591 -4.11286 2.48096 -3.84295 -4.53815 -3.56969 4.18947 2.89116 -3.21464 -1.30959 
0.723662 1.03911 2.35419 2.05092 3.74892 3.51059 4.77239 5.05862 4.9182 7.84138 9.94183 5.46519 8.51239 
3.24 3.02244 -1.334 -2.48136 -1.9163 0.502839 -1.10741 -3.91376 -0.547653 2.16423 0.54451 -2.17091 -3.55121 
2.58501 2.06562 9.16051 4.78751 6.48129 6.91836 9.55104 16.9776 8.93837 16.4186 12.7145 9.07843 18.9999 
0.816891 0.183109 
92 18 -1 -1 92 0
2 2 13
0.555655 0.444345 
4.3272 2.12311 1.84293 -4.43969 -8.0783 3.11016 0.0469008 -2.27559 -4.69896 -0.828311 2.53979 -0.026861 1.79682 
0.848699 1.13934 2.84196 1.15707 4.98064 1.90496 2.39024 8.33952 5.2262 8.79686 9.17306 6.60329 12.7929 
3.40503 3.08306 2.28729 -4.30939 -7.59767 3.3017 0.975966 -2.14878 -1.44177 -2.77493 -0.436904 0.533322 -0.7058 
1.59305 1.97999 7.04932 3.2926 14.4193 6.58017 7.11611 12.1362 8.96227 20.2595 9.66691 14.5432 26.8675 
0.858524 0.141476 
93 18 -1 -1 93 0
2 2 13
0.469015 0.530985 
2.86094 2.58084 -0.171299 -2.53512 -1.70126 2.43366 -2.36012 -3.28612 -3.25538 2.69591 2.54125 -2.72905 -2.14431 
2.74211 2.62785 5.78574 4.72622 7.88778 10.0807 8.73128 11.1463 8.74439 11.7798 13.3407 9.18478 12.0021 
-0.554572 3.76191 2.00354 -4.67853 -1.19383 2.81632 4.01374 0.390543 -1.34373 -0.699716 2.76592 0.427861 -3.66713 
3.10281 3.38275 5.84081 3.29997 8.80177 6.01193 7.19179 17.2409 6.94483 15.6963 12.1847 10.2213 19.7193 
0.814806 0.185194 
94 18 -1 18 94 1
2 1 13
0.5 0.5 
0.01 0.01 0.01 0.01 0.01 0.01 0.01 0.01 0.01 0.01 0.01 0.01 0.01 
16 16 16 16 16 16 16 16 16 16 16 16 16 
0.02 0.02 0.02 0.02 0.02 0.02 0.02 0.02 0.02 0.02 0.02 0.02 0.02 
16 16 16 16 16 16 16 16 16 16 16 16 16 
0 
95 19 19 -1 95 1
2 2 13
0.5 0.5 
0.01 0.01 0.01 0.01 0.01 0.01 0.01 0.01 0.01 0.01 0.01 0.01 0.01 
16 16 16 16 16 16 16 16 16 16 16 16 16 
0.02 0.02 0.02 0.02 0.02 0.02 0.02 0.02 0.02 0.02 0.02 0.02 0.02 
16 16 16 16 16 16 16 16 16 16 16 16 16 
0 1 
96 19 -1 -1 96 0
2 2 13
0.500515 0.499485 
5.22345 0.444833 -1.25545 -1.13361 -2.61588 0.476305 -5.55787 -3.38608 -1.52667 4.84066 0.682357 -4.15735 0.162076 
0.641782 0.667535 1.4192 2.68977 2.71327 4.32853 3.7036 5.25226 4.35983 6.75672 9.31067 4.58775 8.84761 
4.05664 2.65183 -1.38199 -2.23427 -2.96233 0.224102 -1.07991 -6.56605 -0.245586 1.56269 0.537198 -4.00288 -5.88608 
0.622274 1.19073 6.08986 2.61648 6.52743 4.79357 6.64337 10.6901 7.08472 10.1736 14.2309 18.3623 20.4593 
0.788697 0.211303 
97 19 -1 -1 97 0
2 2 13
0.543193 0.456807 
5.03237 1.52227 -0.878232 -3.60801 -5.45519 2.79658 -1.87288 -4.27319 -2.69009 3.29021 3.01229 -2.11366 -2.67786 
0.805445 1.35508 3.46212 3.05594 4.6198 4.81633 5.32582 4.02561 5.57344 10.1543 9.70855 4.822 7.41178 
4.58298 1.9618 2.33018 -4.58427 -9.36465 3.09805 0.54626 -1.76952 -2.94031 -1.69398 0.962188 0.467609 1.52042 
0.535334 1.27848 3.38814 0.633106 3.79728 2.11799 2.14246 7.39208 3.95991 6.73049 9.71157 5.82333 7.18325 
0.881034 0.118966 
98 19 -1 -1 98 0
2 2 13
0.666277 0.333723 
3.84502 2.9148 2.30519 -5.85353 -7.78496 2.79263 2.37963 -2.89403 0.867023 -4.5198 -0.951404 0.312376 -3.5392 
0.761293 1.28078 7.02234 1.58326 6.11323 4.97399 3.48333 12.6072 5.45488 16.131 10.5622 12.3317 24.0103 
2.42421 2.74794 0.673711 -3.72664 -2.42479 1.74126 1.95366 -2.02595 -1.64357 -0.548288 -0.550687 -0.923778 -2.67963 
2.27121 2.27819 8.02357 8.93021 10.934 8.82589 17.0814 27.0719 8.3904 23.3037 20.3632 11.0747 20.3662 
0.858786 0.141214 
99 19 -1 19 99 1
2 1 13
0.5 0.5 
0.01 0.01 0.01 0.01 0.01 0.01 0.01 0.01 0.01 0.01 0.01 0.01 0.01 
16 16 16 16 16 16 16 16 16 16 16 16 16 
0.02 0.02 0.02 0.02 0.02 0.02 0.02 0.02 0.02 0.02 0.02 0.02 0.02 
16 16 16 16 16 16 16 16 16 16 16 16 16 
0 
100 20 20 -1 100 1
2 2 13
0.5 0.5 
0.01 0.01 0.01 0.01 0.01 0.01 0.01 0.01 0.01 0.01 0.01 0.01 0.01 
16 16 16 16 16 16 16 16 16 16 16 16 16 
0.02 0.02 0.02 0.02 0.02 0.02 0.02 0.02 0.02 0.02 0.02 0.02 0.02 
16 16 16 16 16 16 16 16 16 16 16 16 16 
0 1 
101 20 -1 -1 101 0
2 2 13
0.388284 0.611716 
-4.3267 0.970319 6.10694 -0.184771 3.25248 -0.870237 -2.09232 -6.17075 -1.06097 -3.623 0.571573 2.59688 -0.165344 
0.339427 2.29965 2.69414 4.11229 4.19625 5.5356 6.91595 10.4747 7.98395 16.6797 9.587 10.3732 12.2882 
-3.43392 2.20943 4.71961 -0.615919 3.93846 1.78347 2.56689 -1.20682 0.591293 -0.976823 1.08264 0.456241 -2.43234 
1.41948 4.7348 6.68116 4.58373 5.68511 6.57193 9.60976 12.3599 9.30881 16.3254 12.0354 10.796 15.0336 
0.855711 0.144289 
102 20 -1 -1 102 0
2 2 13
0.482141 0.517859 
-5.26507 -1.93493 3.86909 -2.05546 2.35151 -0.198289 -1.04719 -4.76841 0.0344569 -3.20082 0.365431 2.30391 -0.825022 
0.157789 1.01875 1.97156 2.38372 2.50026 4.0201 5.25753 8.51955 5.48922 11.6223 8.32143 7.944 10.8571 
-5.73897 -3.65345 2.14616 -3.08808 2.1597 1.16505 1.34453 -1.02527 2.90359 0.318775 2.77222 3.73655 -0.907272 
0.172262 1.08931 2.15662 2.32641 2.90303 4.42723 5.3495 7.84274 4.16543 8.34426 7.81803 7.68206 10.7597 
0.901823 0.098177 
103 20 -1 -1 103 0
2 2 13
0.575285 0.424715 
1.16384 0.0190382 0.969959 -0.59298 1.84103 1.12398 0.726375 -1.80714 2.04795 -0.827725 0.381857 0.124935 -3.49792 
1.61942 5.42915 3.69328 5.53182 4.70126 6.64285 7.23436 10.4201 5.25212 10.6937 8.42696 6.92205 12.3307 
-1.16279 -2.62134 0.221062 -1.43369 1.73292 0.997106 1.66619 -0.567848 2.8845 -0.573109 1.9016 2.76539 -2.54384 
3.87819 2.12762 3.31423 3.55714 4.10631 5.10229 6.4448 8.0199 4.92112 9.19847 6.77256 5.23538 9.45523 
0.565317 0.434683 
104 20 -1 20 104 1
2 1 13
0.5 0.5 
0.01 0.01 0.01 0.01 0.01 0.01 0.01 0.01 0.01 0.01 0.01 0.01 0.01 
16 16 16 16 16 16 16 16 16 16 16 16 16 
0.02 0.02 0.02 0.02 0.02 0.02 0.02 0.02 0.02 0.02 0.02 0.02 0.02 
16 16 16 16 16 16 16 16 16 16 16 16 16 
0 
105 21 21 -1 105 1
2 2 13
0.5 0.5 
0.01 0.01 0.01 0.01 0.01 0.01 0.01 0.01 0.01 0.01 0.01 0.01 0.01 
16 16 16 16 16 16 16 16 16 16 16 16 16 
0.02 0.02 0.02 0.02 0.02 0.02 0.02 0.02 0.02 0.02 0.02 0.02 0.02 
16 16 16 16 16 16 16 16 16 16 16 16 16 
0 1 
106 21 -1 -1 106 0
2 3 13
0.443779 0.556221 
-3.40104 -2.53129 0.0106345 -1.67949 1.99661 0.282785 2.04061 2.24625 3.0945 0.708672 0.843521 1.45855 -0.165507 
1.34441 7.17651 7.47841 5.41685 7.98706 13.0253 14.4982 22.6013 9.4348 15.9588 17.4942 13.9233 20.082 
-5.1047 -1.90718 4.13441 -1.18798 3.83668 2.83319 3.45984 0.767351 2.60221 -0.681197 1.61375 2.18411 -2.0082 
0.385329 2.70277 3.18421 2.96643 3.39544 5.65604 7.03255 11.0871 6.32926 10.1638 7.99773 7.40333 12.4254 
0.842207 0.0775933 0.0802001 
107 21 -1 -1 107 0
2 3 13
0.599048 0.400952 
-5.11805 -2.99443 0.603593 -3.78749 2.0508 0.765543 1.09561 -0.0842444 4.37246 1.13974 1.87633 3.18792 0.165412 
0.133854 0.586555 1.80974 1.89894 2.66387 4.13263 5.2278 8.75382 4.46788 10.2338 8.03978 7.17597 12.1646 
-4.40588 -3.30815 -0.350141 -2.9385 1.66182 0.808783 1.38527 0.282591 4.92244 1.2973 1.58289 2.63608 0.859101 
0.515011 2.5406 5.22213 4.09334 6.12975 7.59451 8.20527 11.3375 6.235 14.061 11.4979 9.46909 14.225 
0.89274 0.0827088 0.0245515 
108 21 -1 -1 108 0
2 2 13
0.559366 0.440634 
-6.02052 -4.38207 2.15485 -2.86403 2.40728 1.34959 1.49388 -0.910543 3.20365 0.710523 2.97273 4.01286 -0.524575 
0.0752099 0.492019 1.14194 1.45256 2.17659 3.76393 4.63171 7.55917 3.91728 8.56295 7.49158 6.81708 10.6996 
-5.65548 -4.3393 0.903988 -3.97655 1.29382 1.62304 2.44679 0.358301 4.20729 1.36524 3.57426 4.04318 -0.848393 
0.263921 1.40786 1.52112 2.31715 3.49121 4.09163 5.06044 8.11181 4.18659 8.66589 7.79951 7.31685 11.0691 
0.991652 0.00834763 
109 21 -1 21 109 1
2 1 13
0.5 0.5 
0.01 0.01 0.01 0.01 0.01 0.01 0.01 0.01 0.01 0.01 0.01 0.01 0.01 
16 16 16 16 16 16 16 16 16 16 16 16 16 
0.02 0.02 0.02 0.02 0.02 0.02 0.02 0.02 0.02 0.02 0.02 0.02 0.02 
16 16 16 16 16 16 16 16 16 16 16 16 16 
0 
110 22 22 -1 110 1
2 2 13
0.5 0.5 
0.01 0.01 0.01 0.01 0.01 0.01 0.01 0.01 0.01 0.01 0.01 0.01 0.01 
16 16 16 16 16 16 16 16 16 16 16 16 16 
0.02 0.02 0.02 0.02 0.02 0.02 0.02 0.02 0.02 0.02 0.02 0.02 0.02 
16 16 16 16 16 16 16 16 16 16 16 16 16 
0 1 
111 22 -1 -1 111 0
2 2 13
0.51268 0.48732 
2.91556 3.84572 -4.51759 -0.475039 2.13215 -4.01588 -1.42976 -3.41059 -0.248297 3.03715 -1.58721 -2.54171 -0.562547 
1.90375 3.6837 4.24246 5.38776 5.04784 6.88599 9.33073 17.2861 6.80153 18.3994 12.0794 10.1225 17.1368 
-0.0151978 1.53486 -0.803735 0.283911 3.71752 -0.271324 0.352302 -2.86664 1.52021 0.258281 -0.493109 -0.607057 -2.41678 
2.93564 7.57166 8.62503 7.469 8.93122 9.78095 7.80909 16.1018 7.3536 15.2995 10.9225 9.8183 14.8666 
0.813153 0.186847 
112 22 -1 -1 112 0
2 2 13
0.605065 0.394935 
4.17063 2.08351 -4.2769 1.81779 0.0988093 -3.47072 -5.2232 -1.41428 -1.04217 2.8946 -2.10313 -2.49884 3.08836 
0.882393 1.42729 3.02679 4.74682 3.71558 4.90998 4.38215 10.3434 5.42402 16.0368 6.94489 7.00576 11.6089 
1.20112 2.2607 -1.91992 2.01534 3.99969 -2.03779 -1.03365 -3.9394 -0.836743 0.501856 -0.94842 -2.55699 0.886791 
3.01404 3.66593 6.95538 5.86867 6.66779 8.73971 8.45315 16.3382 8.1072 17.8185 9.12917 9.6161 16.582 
0.789502 0.210498 
113 22 -1 -1 113 0
2 2 13
0.585247 0.414753 
2.97216 1.87305 -2.9212 1.84005 -0.435961 -2.04073 -2.11506 -2.41456 -1.23895 -0.341884 -0.816289 -0.53277 -0.891138 
2.27411 7.42216 6.54 8.02947 5.87213 9.74561 16.6116 24.0059 13.1286 21.1963 13.1576 12.4917 19.6873 
-1.72437 1.24401 3.09786 2.36834 4.83337 -1.22502 -0.893431 -2.96153 -0.256308 -1.77056 -0.9457 0.581399 1.04057 
2.75849 4.28382 6.99236 6.54213 6.55792 10.9798 8.7378 20.411 8.15814 16.9834 10.1949 12.3492 14.1934 
0.595283 0.404717 
114 22 -1 22 114 1
2 1 13
0.5 0.5 
0.01 0.01 0.01 0.01 0.01 0.01 0.01 0.01 0.01 0.01 0.01 0.01 0.01 
16 16 16 16 16 16 16 16 16 16 16 16 16 
0.02 0.02 0.02 0.02 0.02 0.02 0.02 0.02 0.02 0.02 0.02 0.02 0.02 
16 16 16 16 16 16 16 16 16 16 16 16 16 
0 
115 23 23 -1 115 1
2 2 13
0.5 0.5 
0.01 0.01 0.01 0.01 0.01 0.01 0.01 0.01 0.01 0.01 0.01 0.01 0.01 
16 16 16 16 16 16 16 16 16 16 16 16 16 
0.02 0.02 0.02 0.02 0.02 0.02 0.02 0.02 0.02 0.02 0.02 0.02 0.02 
16 16 16 16 16 16 16 16 16 16 16 16 16 
0 1 
116 23 -1 -1 116 0
2 2 13
0.701144 0.298856 
4.38633 1.79743 -4.93751 -1.41224 -1.39893 -4.15759 -3.81747 1.02228 1.19125 6.32208 -3.29169 -2.41005 3.19489 
0.35664 1.14515 2.74919 0.648578 2.01537 1.80055 2.64924 4.21308 2.58632 12.5693 2.81029 2.10077 3.96117 
3.9149 1.69486 -3.01907 -1.40208 0.640909 -4.81628 -2.12503 -1.5273 1.09895 -0.275164 -4.94939 -1.02801 -5.57913 
0.529227 2.65553 4.7884 2.57542 7.42226 16.9427 1.89807 15.1943 9.87567 16.0661 23.318 8.59278 42.6964 
0.739239 0.260761 
117 23 -1 -1 117 0
2 2 13
0.402108 0.597892 
2.83456 2.43616 -4.06826 0.856671 2.32145 -4.08322 -2.03014 -1.96212 -1.07302 3.74084 -3.27218 -0.249292 0.272336 
0.606427 3.13642 3.37928 3.24145 4.13032 5.71308 4.10822 9.27536 3.05055 19.521 21.3086 9.54038 15.05 
-0.0970468 0.00361461 -1.17075 0.0571691 2.03211 -0.893703 0.766821 -2.0778 2.32043 1.26674 -1.55453 0.852735 -1.82591 
3.13748 5.27454 6.76854 4.4951 7.34749 4.68882 5.14322 11.3207 5.5984 12.874 9.66881 12.7503 11.3059 
0.909825 0.0901748 
118 23 -1 -1 118 0
2 2 13
0.481808 0.518192 
3.75923 3.20683 -5.58333 0.434836 2.49326 -4.47272 -2.29755 -1.10548 -3.18747 5.81628 -1.85904 -3.85932 1.57925 
0.775494 2.42929 3.51769 8.67414 5.64526 2.79147 4.73824 6.99615 3.67848 26.9563 11.7832 3.03826 6.19763 
0.637555 3.55079 -2.98898 -0.395764 5.27864 -1.18602 -1.52412 -3.22324 -0.726128 0.639166 0.522899 -1.11611 -1.82505 
3.79121 7.27737 10.156 8.50012 7.00959 6.29304 10.203 15.4683 9.98437 10.7893 8.28282 6.24231 8.9667 
0.919722 0.0802779 
119 23 -1 23 119 1
2 1 13
0.5 0.5 
0.01 0.01 0.01 0.01 0.01 0.01 0.01 0.01 0.01 0.01 0.01 0.01 0.01 
16 16 16 16 16 16 16 16 16 16 16 16 16 
0.02 0.02 0.02 0.02 0.02 0.02 0.02 0.02 0.02 0.02 0.02 0.02 0.02 
16 16 16 16 16 16 16 16 16 16 16 16 16 
0 
120 24 24 -1 120 1
2 2 13
0.5 0.5 
0.01 0.01 0.01 0.01 0.01 0.01 0.01 0.01 0.01 0.01 0.01 0.01 0.01 
16 16 16 16 16 16 16 16 16 16 16 16 16 
0.02 0.02 0.02 0.02 0.02 0.02 0.02 0.02 0.02 0.02 0.02 0.02 0.02 
16 16 16 16 16 16 16 16 16 16 16 16 16 
0 1 
121 24 -1 -1 121 0
2 2 13
0.403028 0.596972 
1.24459 -3.82898 3.85614 -1.13295 2.80853 0.931526 0.894017 -0.450058 1.3731 -1.66066 -0.779966 0.656791 -2.21088 
1.50165 10.2584 9.26469 5.77044 6.87804 14.07 11.9769 16.1033 7.75554 16.1822 12.2984 12.0961 17.1214 
0.48191 -10.0787 4.35453 -4.53798 2.21547 3.38361 -1.24146 2.87505 2.83137 -1.21972 2.13702 1.43337 -0.759912 
1.27165 1.37124 3.00945 3.01574 4.12432 6.94721 5.78191 10.8339 5.684 12.337 10.8702 9.31708 12.4786 
0.873735 0.126265 
122 24 -1 -1 122 0
2 2 13
0.357136 0.642864 
1.38364 -6.01918 2.83966 -2.43675 2.66684 -1.11879 2.31718 0.145205 3.07607 -2.46143 0.534028 2.57664 -1.46325 
0.9905 5.61594 3.92869 4.6577 5.98655 10.306 9.58098 12.3104 6.11436 11.7855 9.67899 10.1901 14.3618 
0.487637 -9.27732 3.05302 -4.60791 3.00017 -1.25529 3.58487 -0.553124 3.89635 -1.75266 1.92532 2.96058 -0.937797 
0.887451 1.37109 2.22546 2.37498 3.25589 4.49083 5.38927 9.09102 4.67365 9.77384 8.18848 8.23713 11.4062 
0.8771 0.1229 
123 24 -1 -1 123 0
2 2 13
0.382281 0.617719 
-0.51002 -2.08152 1.37966 -2.38893 2.219 2.01903 1.48229 0.826183 1.75377 0.416048 0.128702 0.856526 -0.46723 
3.9455 9.55227 7.34731 11.9381 9.75048 20.4551 12.2187 23.7278 8.24789 19.8513 19.15 13.1289 21.3709 
0.252569 -4.2155 1.5717 -0.535785 2.48204 0.063245 2.27653 0.0290225 2.56353 -0.333609 0.799981 2.13785 -2.10816 
2.08588 6.46237 4.78243 3.30508 5.18389 11.7145 13.2382 12.8112 6.66063 11.6687 12.1936 9.84924 17.0419 
0.687882 0.312118 
124 24 -1 24 124 1
2 1 13
0.5 0.5 
0.01 0.01 0.01 0.01 0.01 0.01 0.01 0.01 0.01 0.01 0.01 0.01 0.01 
16 16 16 16 16 16 16 16 16 16 16 16 16 
0.02 0.02 0.02 0.02 0.02 0.02 0.02 0.02 0.02 0.02 0.02 0.02 0.02 
16 16 16 16 16 16 16 16 16 16 16 16 16 
0 
125 25 25 -1 125 1
2 2 13
0.5 0.5 
0.01 0.01 0.01 0.01 0.01 0.01 0.01 0.01 0.01 0.01 0.01 0.01 0.01 
16 16 16 16 16 16 16 16 16 16 16 16 16 
0.02 0.02 0.02 0.02 0.02 0.02 0.02 0.02 0.02 0.02 0.02 0.02 0.02 
16 16 16 16 16 16 16 16 16 16 16 16 16 
0 1 
126 25 -1 -1 126 0
2 2 13
0.562027 0.437973 
-5.80021 -3.94657 2.11814 -3.19607 2.10377 0.924509 0.904737 -1.51641 2.64819 0.0271175 2.50032 3.72171 -0.833158 
0.153534 1.07259 1.90586 2.10541 2.52754 4.00661 5.03681 9.02331 4.93292 9.41886 8.38809 7.15211 10.0311 
-4.18281 -1.49784 3.50599 -1.95249 1.99414 -1.66178 -1.26496 -4.61477 -0.236177 -1.69187 -0.00446976 1.98918 0.0940238 
1.48389 7.18607 6.87541 5.80434 7.10518 11.7511 13.2031 22.6364 14.8165 25.7082 14.841 10.8689 22.4341 
0.952156 0.0478442 
127 25 -1 25 127 1
2 1 13
0.5 0.5 
0.01 0.01 0.01 0.01 0.01 0.01 0.01 0.01 0.01 0.01 0.01 0.01 0.01 
16 16 16 16 16 16 16 16 16 16 16 16 16 
0.02 0.02 0.02 0.02 0.02 0.02 0.02 0.02 0.02 0.02 0.02 0.02 0.02 
16 16 16 16 16 16 16 16 16 16 16 16 16 
0 
128 26 26 -1 128 1
2 2 13
0.5 0.5 
0.01 0.01 0.01 0.01 0.01 0.01 0.01 0.01 0.01 0.01 0.01 0.01 0.01 
16 16 16 16 16 16 16 16 16 16 16 16 16 
0.02 0.02 0.02 0.02 0.02 0.02 0.02 0.02 0.02 0.02 0.02 0.02 0.02 
16 16 16 16 16 16 16 16 16 16 16 16 16 
0 1 
129 26 -1 -1 129 0
2 2 13
0.346214 0.653786 
-4.57874 -0.447406 5.921 -0.0654001 3.11105 -0.681149 -2.25614 -7.23475 -2.16902 -5.24618 -0.744775 2.23846 -0.166926 
0.528293 3.43095 3.10714 3.48845 2.91143 4.2162 5.39329 10.8555 6.45475 11.9242 8.30399 6.8692 10.9512 
-3.75463 -0.898043 5.43683 0.628872 4.31996 1.39005 1.82571 -1.18363 1.34492 -1.33301 0.414604 2.01696 -1.27038 
1.50083 7.65824 5.30488 4.8755 5.67167 9.45135 10.0216 14.8447 6.857 11.2549 10.0094 8.78325 12.742 
0.830436 0.169564 
130 26 -1 -1 130 0
2 2 13
0.492319 0.507681 
-5.45204 -2.858 3.4144 -2.10476 2.54534 0.483643 -0.137419 -3.64714 0.565773 -2.82083 0.646543 2.65456 -0.749518 
0.248383 1.45649 1.83606 2.12638 2.64451 4.21801 4.56493 7.93214 4.36096 8.62942 6.92777 7.22547 10.0847 
-5.80721 -4.13107 1.83821 -3.30866 2.06996 1.31236 1.56358 -0.457046 3.23549 0.679004 3.13285 3.848 -0.919872 
0.174021 1.1178 1.8108 2.24293 2.6065 3.72168 4.81247 7.27543 3.65698 7.69867 7.06015 6.83356 10.5418 
0.891387 0.108613 
131 26 -1 -1 131 0
2 2 13
0.488421 0.511579 
1.16577 -3.31828 0.377785 -0.953365 0.396059 0.09753 0.0809571 -0.621243 2.92965 -0.978103 0.301653 2.36175 -1.18813 
2.34283 5.66459 7.31522 3.71809 9.56938 14.362 12.3518 11.6183 5.55444 13.5766 12.1626 11.5148 20.1534 
0.912078 -3.66999 -0.772842 -3.05828 0.55676 -1.07371 2.2751 -0.075076 2.43742 -1.99596 1.05247 3.72765 -2.29175 
3.64704 2.66998 3.4164 2.46863 3.30263 5.87095 5.133 7.05275 3.78379 7.07531 6.12102 5.03536 8.49865 
0.749174 0.250826 
132 26 -1 26 132 1
2 1 13
0.5 0.5 
0.01 0.01 0.01 0.01 0.01 0.01 0.01 0.01 0.01 0.01 0.01 0.01 0.01 
16 16 16 16 16 16 16 16 16 16 16 16 16 
0.02 0.02 0.02 0.02 0.02 0.02 0.02 0.02 0.02 0.02 0.02 0.02 0.02 
16 16 16 16 16 16 16 16 16 16 16 16 16 
0 
133 27 27 -1 133 1
2 2 13
0.5 0.5 
0.01 0.01 0.01 0.01 0.01 0.01 0.01 0.01 0.01 0.01 0.01 0.01 0.01 
16 16 16 16 16 16 16 16 16 16 16 16 16 
0.02 0.02 0.02 0.02 0.02 0.02 0.02 0.02 0.02 0.02 0.02 0.02 0.02 
16 16 16 16 16 16 16 16 16 16 16 16 16 
0 1 
134 27 -1 -1 134 0
2 2 13
0.382817 0.617183 
0.878987 -3.51788 6.52006 -1.47789 4.19587 2.11554 -0.377805 0.442088 2.95694 -1.29034 -1.39491 -0.828649 -0.508484 
0.914674 10.4905 9.17249 3.49588 5.07014 9.77292 9.98519 13.6958 5.16979 15.0379 18.8275 9.38228 14.6287 
1.72595 -5.91128 4.15947 -1.64372 3.84079 -1.46441 3.60675 -0.336508 2.1933 -3.1877 0.59315 2.16045 -2.92344 
0.468625 3.8239 3.57999 4.0631 4.077 6.3214 7.70675 14.4388 6.5805 12.8501 10.1087 9.05461 11.9119 
0.785471 0.214529 
135 27 -1 -1 135 0
2 2 13
0.465719 0.534281 
1.05752 -9.5102 4.32679 -4.0628 3.0687 0.629056 0.777138 2.00363 2.61532 -2.68966 0.994281 2.48138 -1.07325 
0.555419 2.09032 2.42389 3.35403 4.40787 8.64796 8.49366 14.9056 5.47798 10.0845 9.07768 10.5446 12.6498 
0.693434 -9.79361 3.05485 -4.83738 2.88904 -1.19959 3.38997 0.693652 3.9035 -1.93447 2.03219 3.66853 -1.05265 
0.299676 0.996209 2.1563 2.17901 3.32375 5.04679 7.04936 11.7619 4.84952 10.2129 8.23705 8.10523 10.8995 
0.942163 0.0578374 
136 27 -1 -1 136 0
2 2 13
0.363251 0.636749 
0.837516 -3.73309 1.50296 -1.30473 2.71542 -1.00986 0.990438 -0.121171 3.16286 -0.992529 -0.677563 1.91474 -0.621336 
1.52876 8.53158 3.17495 3.86339 4.46835 11.4913 8.82761 13.2633 7.00078 13.6502 12.2391 12.6355 18.773 
1.31021 -7.08815 2.29434 -1.69746 2.29153 -3.33957 3.84649 1.38297 1.94105 -2.38864 2.19813 3.55043 -2.9114 
0.547031 1.91754 2.87037 6.30306 4.11238 5.11598 7.99014 13.6313 8.53428 12.4819 8.45843 8.63799 12.5646 
0.804768 0.195232 
137 27 -1 27 137 1
2 1 13
0.5 0.5 
0.01 0.01 0.01 0.01 0.01 0.01 0.01 0.01 0.01 0.01 0.01 0.01 0.01 
16 16 16 16 16 16 16 16 16 16 16 16 16 
0.02 0.02 0.02 0.02 0.02 0.02 0.02 0.02 0.02 0.02 0.02 0.02 0.02 
16 16 16 16 16 16 16 16 16 16 16 16 16 
0 
138 28 28 -1 138 1
2 2 13
0.5 0.5 
0.01 0.01 0.01 0.01 0.01 0.01 0.01 0.01 0.01 0.01 0.01 0.01 0.01 
16 16 16 16 16 16 16 16 16 16 16 16 16 
0.02 0.02 0.02 0.02 0.02 0.02 0.02 0.02 0.02 0.02 0.02 0.02 0.02 
16 16 16 16 16 16 16 16 16 16 16 16 16 
0 1 
139 28 -1 -1 139 0
2 2 13
0.668267 0.331733 
2.68436 2.44213 1.91095 -0.925428 -1.57753 4.65367 -1.04867 -2.82018 -5.82555 -2.24871 3.66914 -4.63423 0.111286 
1.09528 1.50359 3.14582 2.40297 5.35474 4.17638 7.456 10.8956 7.49059 13.5637 9.14556 7.48767 13.8811 
1.79292 2.7993 1.78913 -3.07493 -2.18844 2.81784 1.15547 -2.23101 -1.26577 -1.19219 1.06596 -1.08187 -2.13521 
6.23834 3.37822 10.5969 7.85086 22.8551 11.0966 6.6097 21.1869 10.9253 18.4918 10.3368 9.48066 14.1104 
0.791318 0.208682 
140 28 -1 -1 140 0
2 2 13
0.502303 0.497697 
2.2736 3.71237 5.56391 -2.62456 -6.13524 2.12261 1.30045 2.19304 -4.09148 -5.89859 -0.280521 -5.68088 4.38449 
0.939969 1.32911 4.87439 1.4986 5.91583 4.50574 4.60584 14.1764 10.718 11.3511 13.2633 11.2098 15.151 
1.08295 4.51398 6.24482 -1.93409 -5.43021 -0.537224 -0.126137 3.24861 -1.50053 -1.93259 -0.662423 -5.20804 1.08233 
1.67407 2.05454 9.40432 3.26421 9.70545 9.15775 7.1952 17.6979 9.65636 12.206 9.94667 11.4963 16.1115 
0.87816 0.12184 
141 28 -1 -1 141 0
2 2 13
0.535854 0.464146 
2.33811 4.37218 -0.1984 -0.336992 -0.115258 -0.622268 3.36996 -4.16423 -3.81191 -3.51806 0.559756 -1.52882 -1.00871 
1.07104 3.11235 5.9671 5.39653 11.1348 11.1576 20.9409 22.398 7.87105 18.71 15.2174 16.4204 15.1166 
0.261674 4.06898 3.57633 -2.6681 -0.497184 2.96277 3.37406 -2.33875 -2.93061 -4.83841 -0.78009 -1.01483 -0.674341 
3.19312 3.02087 6.50043 4.64067 11.3398 13.6958 11.3333 28.4857 13.6784 25.2924 19.9966 12.4128 24.6451 
0.795936 0.204064 
142 28 -1 28 142 1
2 1 13
0.5 0.5 
0.01 0.01 0.01 0.01 0.01 0.01 0.01 0.01 0.01 0.01 0.01 0.01 0.01 
16 16 16 16 16 16 16 16 16 16 16 16 16 
0.02 0.02 0.02 0.02 0.02 0.02 0.02 0.02 0.02 0.02 0.02 0.02 0.02 
16 16 16 16 16 16 16 16 16 16 16 16 16 
0 
143 29 29 -1 143 1
2 2 13
0.5 0.5 
0.01 0.01 0.01 0.01 0.01 0.01 0.01 0.01 0.01 0.01 0.01 0.01 0.01 
16 16 16 16 16 16 16 16 16 16 16 16 16 
0.02 0.02 0.02 0.02 0.02 0.02 0.02 0.02 0.02 0.02 0.02 0.02 0.02 
16 16 16 16 16 16 16 16 16 16 16 16 16 
0 1 
144 29 -1 -1 144 0
2 2 13
0.519334 0.480666 
2.05681 3.73708 7.2639 -3.31692 -7.60564 -0.693731 0.12504 0.614354 0.617295 -5.15892 -1.99639 -6.67414 0.126291 
0.515669 1.6914 1.04217 3.38367 3.60966 4.87121 6.18055 23.1273 13.7055 15.906 14.1033 3.10432 60.6414 
2.21524 3.79093 5.36053 -3.21455 -5.01379 2.189 0.989476 1.38426 -4.40115 -4.91868 -1.39441 -4.18384 2.63988 
1.40624 2.41187 4.25434 2.32772 3.40626 3.30853 2.61477 9.42514 5.85454 14.9287 17.3993 5.4314 13.5788 
0.908795 0.0912051 
145 29 -1 -1 145 0
2 2 13
0.536677 0.463323 
1.41191 3.26527 5.24269 -6.26838 -2.22385 1.35871 0.987364 0.315394 -1.40271 -4.3106 -3.07415 -0.646312 -3.65234 
1.33309 2.05437 4.84495 9.86452 4.11609 5.80125 9.65703 29.2432 9.50117 21.2524 9.57938 9.43808 28.4739 
-0.265646 4.74335 5.77749 -2.38853 -3.99939 -4.31294 1.17288 5.3575 -2.26387 4.84365 -5.44423 0.959256 -4.82966 
0.258224 0.744956 0.677412 0.419536 2.34937 0.703987 2.45936 2.66157 2.12966 6.85436 2.31908 10.7332 2.71216 
0.789657 0.210343 
146 29 -1 -1 146 0
2 2 13
0.501432 0.498568 
2.71949 1.38531 1.85174 -2.04262 0.184527 3.6797 -2.67723 -2.73968 -1.74846 0.367889 -0.0485519 -2.67151 -2.68655 
2.98014 1.73131 2.78542 1.66616 34.9103 5.21977 3.65536 9.03715 4.88416 7.19449 9.97953 16.9344 13.8196 
-2.32897 4.01104 6.50318 -2.18501 0.192759 -1.88292 2.34797 1.66911 0.456153 0.294881 -0.325316 1.43534 -1.74215 
2.44224 2.19267 3.81937 3.25557 5.4013 14.1818 8.9466 7.8523 5.77145 16.8515 9.14703 8.614 10.334 
0.869981 0.130019 
147 29 -1 29 147 1
2 1 13
0.5 0.5 
0.01 0.01 0.01 0.01 0.01 0.01 0.01 0.01 0.01 0.01 0.01 0.01 0.01 
16 16 16 16 16 16 16 16 16 16 16 16 16 
0.02 0.02 0.02 0.02 0.02 0.02 0.02 0.02 0.02 0.02 0.02 0.02 0.02 
16 16 16 16 16 16 16 16 16 16 16 16 16 
0 
148 30 30 -1 148 1
2 2 13
0.5 0.5 
0.01 0.01 0.01 0.01 0.01 0.01 0.01 0.01 0.01 0.01 0.01 0.01 0.01 
16 16 16 16 16 16 16 16 16 16 16 16 16 
0.02 0.02 0.02 0.02 0.02 0.02 0.02 0.02 0.02 0.02 0.02 0.02 0.02 
16 16 16 16 16 16 16 16 16 16 16 16 16 
0 1 
149 30 -1 -1 149 0
2 2 13
0.38185 0.61815 
4.49212 2.0529 -0.981175 -4.63976 -4.65402 2.65331 -1.01492 -3.11452 -3.13303 3.50357 2.31672 -3.24877 -1.81402 
1.7641 1.81798 5.13517 3.89742 9.31876 4.75166 6.04196 4.34334 8.60094 13.9399 7.05294 10.6939 10.9903 
-0.0587079 5.56379 6.99936 -2.12282 -5.28282 -0.559351 -2.05394 3.6549 -1.66917 -1.52197 0.423141 -4.98118 -0.0965567 
2.55944 1.20405 4.46483 2.95796 9.62625 4.91421 6.70216 12.8394 7.582 8.48643 8.86812 11.741 11.4375 
0.840511 0.159489 
150 30 -1 -1 150 0
2 2 13
0.485494 0.514506 
1.90929 4.57713 5.58766 -3.52566 -7.47263 1.51191 0.834634 3.62852 -4.20134 -3.74071 -2.43075 -4.65652 3.77538 
1.77587 2.00573 2.77139 1.56669 5.72723 2.71671 3.64121 8.01808 8.40284 6.37372 7.71586 9.44789 10.0543 
2.78992 3.73561 2.9009 -3.52536 -5.63765 2.98414 0.648682 0.0654518 -6.7165 -3.68288 2.07408 -2.38779 3.84147 
1.4998 1.46791 3.49869 2.58624 9.01592 3.65794 4.90104 8.664 7.18473 14.0286 9.90468 6.27795 13.306 
0.887084 0.112916 
151 30 -1 -1 151 0
2 2 13
0.556718 0.443282 
5.07781 2.01112 -2.2158 -4.63802 -5.28382 2.12523 -2.02662 -0.751238 -3.60713 3.87815 5.13102 -4.72446 -2.2759 
0.837887 1.35507 5.04418 2.40233 6.50691 2.56344 8.19781 6.51578 9.99007 15.1368 8.29906 8.86757 11.7143 
2.83163 3.19148 -0.121767 -0.921695 -0.448654 1.94969 -2.52611 -4.0844 -4.8951 -0.740388 3.45297 -4.57136 -0.730775 
3.49145 2.63025 5.79077 4.33088 5.63576 10.8139 21.7718 12.9926 8.68043 15.8651 18.9946 13.2361 13.8694 
0.794821 0.205179 
152 30 -1 30 152 1
2 1 13
0.5 0.5 
0.01 0.01 0.01 0.01 0.01 0.01 0.01 0.01 0.01 0.01 0.01 0.01 0.01 
16 16 16 16 16 16 16 16 16 16 16 16 16 
0.02 0.02 0.02 0.02 0.02 0.02 0.02 0.02 0.02 0.02 0.02 0.02 0.02 
16 16 16 16 16 16 16 16 16 16 16 16 16 
0 
153 31 31 -1 153 1
2 2 13
0.5 0.5 
0.01 0.01 0.01 0.01 0.01 0.01 0.01 0.01 0.01 0.01 0.01 0.01 0.01 
16 16 16 16 16 16 16 16 16 16 16 16 16 
0.02 0.02 0.02 0.02 0.02 0.02 0.02 0.02 0.02 0.02 0.02 0.02 0.02 
16 16 16 16 16 16 16 16 16 16 16 16 16 
0 1 
154 31 -1 -1 154 0
2 2 13
0.544388 0.455612 
2.71223 -2.21656 4.06097 6.50111 -1.0126 -2.66334 1.56175 -0.967505 -4.77481 -1.90875 -1.00704 -4.11627 -1.70976 
1.08981 1.42395 2.54808 1.72895 3.35262 2.45307 5.03144 6.18127 5.99097 6.71068 6.61921 6.95607 7.3355 
3.43152 -0.624657 1.04233 3.57037 0.255956 -4.40851 -2.05746 -0.145926 -2.22168 -1.17179 -1.61341 -0.145103 -0.299646 
2.32409 2.63892 5.30018 3.50384 7.25958 6.61068 10.2021 8.05655 6.051 6.34819 12.0611 5.98857 14.6571 
0.834076 0.165924 
155 31 -1 -1 155 0
2 2 13
0.460783 0.539217 
2.32351 -3.22439 5.83293 7.5277 -3.2175 1.15802 0.493265 -0.713103 -4.53606 -0.525244 -0.856994 -3.61419 -1.58107 
0.979412 1.30549 2.56961 1.60725 2.11569 3.5383 3.33538 4.2183 2.95192 10.0949 5.53365 4.93103 7.02039 
2.31922 -6.56849 5.63193 3.55645 2.38261 -0.219784 -0.245344 -1.54667 1.67257 -4.44396 -2.00937 1.90977 -2.62755 
0.64717 6.43837 4.57017 4.86879 3.08195 4.92527 5.32267 7.9048 5.98653 8.86755 7.95955 7.31034 13.8214 
0.895375 0.104625 
156 31 -1 -1 156 0
2 2 13
0.575728 0.424272 
0.419399 -0.732815 3.78615 4.77117 0.790963 -1.98618 1.75812 -2.45356 -2.23097 0.875127 -3.09103 -0.2517 0.614193 
7.72483 2.74139 15.0315 4.59382 6.72379 5.71385 22.2168 16.2918 7.20888 16.1292 10.3215 11.5471 10.6118 
2.52213 -7.3655 5.70318 0.730775 3.91118 0.0552034 0.712322 0.796936 1.43284 -2.15967 -1.31735 2.73842 -3.2049 
1.18793 10.5594 8.4231 4.49141 3.51532 5.94674 6.4928 12.2239 5.47078 7.82265 7.96191 7.92861 11.1161 
0.846287 0.153713 
157 31 -1 31 157 1
2 1 13
0.5 0.5 
0.01 0.01 0.01 0.01 0.01 0.01 0.01 0.01 0.01 0.01 0.01 0.01 0.01 
16 16 16 16 16 16 16 16 16 16 16 16 16 
0.02 0.02 0.02 0.02 0.02 0.02 0.02 0.02 0.02 0.02 0.02 0.02 0.02 
16 16 16 16 16 16 16 16 16 16 16 16 16 
0 
32 32
0.00625 0.00625 0.00625 0.00625 0.00625 0.00625 0.00625 0.00625 0.00625 0.00625 0.00625 0.00625 0.00625 0.00625 0.00625 0.00625 0.00625 0.00625 0.00625 0.00625 0.00625 0.00625 0.00625 0.00625 0.00625 0.00625 0.00625 0.00625 0.00625 0.00625 0.00625 0.00625 
0.00625 0.00625 0.00625 0.00625 0.00625 0.00625 0.00625 0.00625 0.00625 0.00625 0.00625 0.00625 0.00625 0.00625 0.00625 0.00625 0.00625 0.00625 0.00625 0.00625 0.00625 0.00625 0.00625 0.00625 0.00625 0.00625 0.00625 0.00625 0.00625 0.00625 0.00625 0.00625 
0.00625 0.00625 0.00625 0.00625 0.00625 0.00625 0.00625 0.00625 0.00625 0.00625 0.00625 0.00625 0.00625 0.00625 0.00625 0.00625 0.00625 0.00625 0.00625 0.00625 0.00625 0.00625 0.00625 0.00625 0.00625 0.00625 0.00625 0.00625 0.00625 0.00625 0.00625 0.00625 
0.00625 0.00625 0.00625 0.00625 0.00625 0.00625 0.00625 0.00625 0.00625 0.00625 0.00625 0.00625 0.00625 0.00625 0.00625 0.00625 0.00625 0.00625 0.00625 0.00625 0.00625 0.00625 0.00625 0.00625 0.00625 0.00625 0.00625 0.00625 0.00625 0.00625 0.00625 0.00625 
0.00625 0.00625 0.00625 0.00625 0.00625 0.00625 0.00625 0.00625 0.00625 0.00625 0.00625 0.00625 0.00625 0.00625 0.00625 0.00625 0.00625 0.00625 0.00625 0.00625 0.00625 0.00625 0.00625 0.00625 0.00625 0.00625 0.00625 0.00625 0.00625 0.00625 0.00625 0.00625 
0.00625 0.00625 0.00625 0.00625 0.00625 0.00625 0.00625 0.00625 0.00625 0.00625 0.00625 0.00625 0.00625 0.00625 0.00625 0.00625 0.00625 0.00625 0.00625 0.00625 0.00625 0.00625 0.00625 0.00625 0.00625 0.00625 0.00625 0.00625 0.00625 0.00625 0.00625 0.00625 
0.00625 0.00625 0.00625 0.00625 0.00625 0.00625 0.00625 0.00625 0.00625 0.00625 0.00625 0.00625 0.00625 0.00625 0.00625 0.00625 0.00625 0.00625 0.00625 0.00625 0.00625 0.00625 0.00625 0.00625 0.00625 0.00625 0.00625 0.00625 0.00625 0.00625 0.00625 0.00625 
0.00625 0.00625 0.00625 0.00625 0.00625 0.00625 0.00625 0.00625 0.00625 0.00625 0.00625 0.00625 0.00625 0.00625 0.00625 0.00625 0.00625 0.00625 0.00625 0.00625 0.00625 0.00625 0.00625 0.00625 0.00625 0.00625 0.00625 0.00625 0.00625 0.00625 0.00625 0.00625 
0.00625 0.00625 0.00625 0.00625 0.00625 0.00625 0.00625 0.00625 0.00625 0.00625 0.00625 0.00625 0.00625 0.00625 0.00625 0.00625 0.00625 0.00625 0.00625 0.00625 0.00625 0.00625 0.00625 0.00625 0.00625 0.00625 0.00625 0.00625 0.00625 0.00625 0.00625 0.00625 
0.00625 0.00625 0.00625 0.00625 0.00625 0.00625 0.00625 0.00625 0.00625 0.00625 0.00625 0.00625 0.00625 0.00625 0.00625 0.00625 0.00625 0.00625 0.00625 0.00625 0.00625 0.00625 0.00625 0.00625 0.00625 0.00625 0.00625 0.00625 0.00625 0.00625 0.00625 0.00625 
0.00625 0.00625 0.00625 0.00625 0.00625 0.00625 0.00625 0.00625 0.00625 0.00625 0.00625 0.00625 0.00625 0.00625 0.00625 0.00625 0.00625 0.00625 0.00625 0.00625 0.00625 0.00625 0.00625 0.00625 0.00625 0.00625 0.00625 0.00625 0.00625 0.00625 0.00625 0.00625 
0.00625 0.00625 0.00625 0.00625 0.00625 0.00625 0.00625 0.00625 0.00625 0.00625 0.00625 0.00625 0.00625 0.00625 0.00625 0.00625 0.00625 0.00625 0.00625 0.00625 0.00625 0.00625 0.00625 0.00625 0.00625 0.00625 0.00625 0.00625 0.00625 0.00625 0.00625 0.00625 
0.00625 0.00625 0.00625 0.00625 0.00625 0.00625 0.00625 0.00625 0.00625 0.00625 0.00625 0.00625 0.00625 0.00625 0.00625 0.00625 0.00625 0.00625 0.00625 0.00625 0.00625 0.00625 0.00625 0.00625 0.00625 0.00625 0.00625 0.00625 0.00625 0.00625 0.00625 0.00625 
0.00625 0.00625 0.00625 0.00625 0.00625 0.00625 0.00625 0.00625 0.00625 0.00625 0.00625 0.00625 0.00625 0.00625 0.00625 0.00625 0.00625 0.00625 0.00625 0.00625 0.00625 0.00625 0.00625 0.00625 0.00625 0.00625 0.00625 0.00625 0.00625 0.00625 0.00625 0.00625 
0.00625 0.00625 0.00625 0.00625 0.00625 0.00625 0.00625 0.00625 0.00625 0.00625 0.00625 0.00625 0.00625 0.00625 0.00625 0.00625 0.00625 0.00625 0.00625 0.00625 0.00625 0.00625 0.00625 0.00625 0.00625 0.00625 0.00625 0.00625 0.00625 0.00625 0.00625 0.00625 
0.00625 0.00625 0.00625 0.00625 0.00625 0.00625 0.00625 0.00625 0.00625 0.00625 0.00625 0.00625 0.00625 0.00625 0.00625 0.00625 0.00625 0.00625 0.00625 0.00625 0.00625 0.00625 0.00625 0.00625 0.00625 0.00625 0.00625 0.00625 0.00625 0.00625 0.00625 0.00625 
0.00625 0.00625 0.00625 0.00625 0.00625 0.00625 0.00625 0.00625 0.00625 0.00625 0.00625 0.00625 0.00625 0.00625 0.00625 0.00625 0.00625 0.00625 0.00625 0.00625 0.00625 0.00625 0.00625 0.00625 0.00625 0.00625 0.00625 0.00625 0.00625 0.00625 0.00625 0.00625 
0.00625 0.00625 0.00625 0.00625 0.00625 0.00625 0.00625 0.00625 0.00625 0.00625 0.00625 0.00625 0.00625 0.00625 0.00625 0.00625 0.00625 0.00625 0.00625 0.00625 0.00625 0.00625 0.00625 0.00625 0.00625 0.00625 0.00625 0.00625 0.00625 0.00625 0.00625 0.00625 
0.00625 0.00625 0.00625 0.00625 0.00625 0.00625 0.00625 0.00625 0.00625 0.00625 0.00625 0.00625 0.00625 0.00625 0.00625 0.00625 0.00625 0.00625 0.00625 0.00625 0.00625 0.00625 0.00625 0.00625 0.00625 0.00625 0.00625 0.00625 0.00625 0.00625 0.00625 0.00625 
0.00625 0.00625 0.00625 0.00625 0.00625 0.00625 0.00625 0.00625 0.00625 0.00625 0.00625 0.00625 0.00625 0.00625 0.00625 0.00625 0.00625 0.00625 0.00625 0.00625 0.00625 0.00625 0.00625 0.00625 0.00625 0.00625 0.00625 0.00625 0.00625 0.00625 0.00625 0.00625 
0.00625 0.00625 0.00625 0.00625 0.00625 0.00625 0.00625 0.00625 0.00625 0.00625 0.00625 0.00625 0.00625 0.00625 0.00625 0.00625 0.00625 0.00625 0.00625 0.00625 0.00625 0.00625 0.00625 0.00625 0.00625 0.00625 0.00625 0.00625 0.00625 0.00625 0.00625 0.00625 
0.00625 0.00625 0.00625 0.00625 0.00625 0.00625 0.00625 0.00625 0.00625 0.00625 0.00625 0.00625 0.00625 0.00625 0.00625 0.00625 0.00625 0.00625 0.00625 0.00625 0.00625 0.00625 0.00625 0.00625 0.00625 0.00625 0.00625 0.00625 0.00625 0.00625 0.00625 0.00625 
0.00625 0.00625 0.00625 0.00625 0.00625 0.00625 0.00625 0.00625 0.00625 0.00625 0.00625 0.00625 0.00625 0.00625 0.00625 0.00625 0.00625 0.00625 0.00625 0.00625 0.00625 0.00625 0.00625 0.00625 0.00625 0.00625 0.00625 0.00625 0.00625 0.00625 0.00625 0.00625 
0.00625 0.00625 0.00625 0.00625 0.00625 0.00625 0.00625 0.00625 0.00625 0.00625 0.00625 0.00625 0.00625 0.00625 0.00625 0.00625 0.00625 0.00625 0.00625 0.00625 0.00625 0.00625 0.00625 0.00625 0.00625 0.00625 0.00625 0.00625 0.00625 0.00625 0.00625 0.00625 
0.00625 0.00625 0.00625 0.00625 0.00625 0.00625 0.00625 0.00625 0.00625 0.00625 0.00625 0.00625 0.00625 0.00625 0.00625 0.00625 0.00625 0.00625 0.00625 0.00625 0.00625 0.00625 0.00625 0.00625 0.00625 0.00625 0.00625 0.00625 0.00625 0.00625 0.00625 0.00625 
0.00625 0.00625 0.00625 0.00625 0.00625 0.00625 0.00625 0.00625 0.00625 0.00625 0.00625 0.00625 0.00625 0.00625 0.00625 0.00625 0.00625 0.00625 0.00625 0.00625 0.00625 0.00625 0.00625 0.00625 0.00625 0.00625 0.00625 0.00625 0.00625 0.00625 0.00625 0.00625 
0.00625 0.00625 0.00625 0.00625 0.00625 0.00625 0.00625 0.00625 0.00625 0.00625 0.00625 0.00625 0.00625 0.00625 0.00625 0.00625 0.00625 0.00625 0.00625 0.00625 0.00625 0.00625 0.00625 0.00625 0.00625 0.00625 0.00625 0.00625 0.00625 0.00625 0.00625 0.00625 
0.00625 0.00625 0.00625 0.00625 0.00625 0.00625 0.00625 0.00625 0.00625 0.00625 0.00625 0.00625 0.00625 0.00625 0.00625 0.00625 0.00625 0.00625 0.00625 0.00625 0.00625 0.00625 0.00625 0.00625 0.00625 0.00625 0.00625 0.00625 0.00625 0.00625 0.00625 0.00625 
0.00625 0.00625 0.00625 0.00625 0.00625 0.00625 0.00625 0.00625 0.00625 0.00625 0.00625 0.00625 0.00625 0.00625 0.00625 0.00625 0.00625 0.00625 0.00625 0.00625 0.00625 0.00625 0.00625 0.00625 0.00625 0.00625 0.00625 0.00625 0.00625 0.00625 0.00625 0.00625 
0.00625 0.00625 0.00625 0.00625 0.00625 0.00625 0.00625 0.00625 0.00625 0.00625 0.00625 0.00625 0.00625 0.00625 0.00625 0.00625 0.00625 0.00625 0.00625 0.00625 0.00625 0.00625 0.00625 0.00625 0.00625 0.00625 0.00625 0.00625 0.00625 0.00625 0.00625 0.00625 
0.00625 0.00625 0.00625 0.00625 0.00625 0.00625 0.00625 0.00625 0.00625 0.00625 0.00625 0.00625 0.00625 0.00625 0.00625 0.00625 0.00625 0.00625 0.00625 0.00625 0.00625 0.00625 0.00625 0.00625 0.00625 0.00625 0.00625 0.00625 0.00625 0.00625 0.00625 0.00625 
0.00625 0.00625 0.00625 0.00625 0.00625 0.00625 0.00625 0.00625 0.00625 0.00625 0.00625 0.00625 0.00625 0.00625 0.00625 0.00625 0.00625 0.00625 0.00625 0.00625 0.00625 0.00625 0.00625 0.00625 0.00625 0.00625 0.00625 0.00625 0.00625 0.00625 0.00625 0.00625 
