0 0 0 -1 0 1
2 2 13
0.5 0.5 
0.01 0.01 0.01 0.01 0.01 0.01 0.01 0.01 0.01 0.01 0.01 0.01 0.01 
16 16 16 16 16 16 16 16 16 16 16 16 16 
0.02 0.02 0.02 0.02 0.02 0.02 0.02 0.02 0.02 0.02 0.02 0.02 0.02 
16 16 16 16 16 16 16 16 16 16 16 16 16 
0 1 
1 0 -1 -1 1 0
2 2 13
0.437847 0.562153 
-3.31811 -2.55571 -0.862255 -1.90057 2.17217 0.539053 2.07154 2.36642 3.64707 0.886731 0.430413 1.28332 -0.0870212 
1.0482 5.76217 5.50492 4.93322 7.22389 11.1775 10.5886 19.7971 8.22023 14.668 15.5635 12.5146 19.7231 
-4.74887 -2.85933 -0.189962 -3.62538 2.06862 0.676375 0.815003 0.0498018 4.66296 1.4784 1.68349 3.05823 0.808664 
0.339036 0.970361 2.27471 2.5245 3.13655 5.09813 5.31782 9.66422 4.87595 11.2156 9.03109 7.9994 12.5451 
0.879608 0.120392 
2 0 -1 -1 2 0
2 2 13
0.402314 0.597686 
-4.60456 -1.21745 4.21954 -1.24572 3.00762 1.30302 2.70405 0.105096 1.43853 -1.51172 1.13738 1.91773 -1.64747 
0.506319 5.14046 4.08291 4.32228 5.30596 9.25615 13.8967 17.0094 7.67575 12.3235 9.42917 9.8993 16.2007 
-5.48078 -2.89627 3.26947 -1.80684 3.68202 3.09985 3.45307 1.14141 3.6936 0.492376 2.40652 2.8457 -1.77875 
0.145819 1.039 2.599 2.47702 3.0163 4.43958 5.17573 8.63923 4.30722 8.76108 7.83786 6.84388 10.2354 
0.819686 0.180314 
3 0 -1 -1 3 0
2 2 13
0.566599 0.433401 
-6.04695 -4.44547 2.18877 -2.79399 2.49201 1.45193 1.61282 -0.80613 3.22311 0.694372 2.95955 3.94258 -0.596936 
0.0723458 0.496631 1.10063 1.3865 2.21962 3.9311 4.80237 7.88456 3.96418 8.68184 7.55367 6.92431 10.9315 
-5.5608 -4.16012 0.833307 -4.15816 1.19054 1.49148 2.23208 0.186904 4.06723 1.24487 3.49836 4.05639 -0.755698 
0.274607 1.51414 1.49665 2.21214 3.23709 3.85179 5.00388 8.03578 4.24886 8.39967 7.44578 7.05589 10.7067 
0.988228 0.0117722 
4 0 -1 0 4 1
2 1 13
0.5 0.5 
0.01 0.01 0.01 0.01 0.01 0.01 0.01 0.01 0.01 0.01 0.01 0.01 0.01 
16 16 16 16 16 16 16 16 16 16 16 16 16 
0.02 0.02 0.02 0.02 0.02 0.02 0.02 0.02 0.02 0.02 0.02 0.02 0.02 
16 16 16 16 16 16 16 16 16 16 16 16 16 
0 
5 1 1 -1 5 1
2 2 13
0.5 0.5 
0.01 0.01 0.01 0.01 0.01 0.01 0.01 0.01 0.01 0.01 0.01 0.01 0.01 
16 16 16 16 16 16 16 16 16 16 16 16 16 
0.02 0.02 0.02 0.02 0.02 0.02 0.02 0.02 0.02 0.02 0.02 0.02 0.02 
16 16 16 16 16 16 16 16 16 16 16 16 16 
0 1 
6 1 -1 -1 6 0
2 2 13
0.728445 0.271555 
5.41256 -0.153835 -3.81207 -0.174952 -2.64535 -4.79929 -4.74077 3.87629 0.797465 2.92987 -2.28449 0.455079 0.515401 
0.668098 0.908609 1.70137 2.58311 2.00194 4.44314 4.10903 5.47726 3.24896 5.52491 5.18731 5.07555 9.93464 
3.78577 1.9018 -2.16565 -2.20688 -1.2308 -1.6367 -2.07796 -0.474294 1.08735 2.55057 -2.52658 -2.36846 -0.578368 
2.81716 2.49109 7.65861 8.5828 7.39586 13.1688 9.89487 12.9383 4.96274 17.9401 16.3338 13.3293 17.7626 
0.760766 0.239234 
7 1 -1 -1 7 0
2 2 13
0.482525 0.517475 
5.81735 0.479048 -5.13995 -4.01015 -2.84933 -0.926324 -1.97377 1.24275 2.50991 5.0636 -3.04387 -4.70071 0.599026 
0.483813 1.14179 1.21877 1.57639 1.64142 4.32598 3.70487 6.05193 2.85912 6.77519 7.96206 5.15499 5.58039 
4.97858 0.891325 -4.24066 -2.43365 -1.33751 -3.85879 -2.61926 2.13808 2.40234 3.84862 -4.60334 -1.10985 0.704234 
0.677881 1.31881 2.25265 2.46918 1.53361 3.89689 4.25196 8.83027 3.56268 8.64876 6.09919 4.71355 7.66763 
0.871104 0.128896 
8 1 -1 -1 8 0
2 2 13
0.558642 0.441358 
3.97675 2.0691 -3.27998 -2.47387 -0.649722 -2.04669 -2.14301 0.133196 0.97736 3.59393 -2.34206 -2.76636 0.317397 
1.27193 2.37019 4.93144 5.59944 5.34797 9.52526 9.48694 13.178 7.33005 11.2412 17.9269 9.38083 16.6487 
1.05466 1.87301 -1.36881 -2.39934 2.3192 -2.641 1.73506 3.41187 3.43692 2.32903 -4.04039 -1.84286 1.10687 
2.34261 3.17323 5.3112 3.69279 4.6895 8.40537 6.85763 16.2392 4.80408 10.5984 10.6034 8.54096 14.6011 
0.741421 0.258579 
9 1 -1 1 9 1
2 1 13
0.5 0.5 
0.01 0.01 0.01 0.01 0.01 0.01 0.01 0.01 0.01 0.01 0.01 0.01 0.01 
16 16 16 16 16 16 16 16 16 16 16 16 16 
0.02 0.02 0.02 0.02 0.02 0.02 0.02 0.02 0.02 0.02 0.02 0.02 0.02 
16 16 16 16 16 16 16 16 16 16 16 16 16 
0 
10 2 2 -1 10 1
2 2 13
0.5 0.5 
0.01 0.01 0.01 0.01 0.01 0.01 0.01 0.01 0.01 0.01 0.01 0.01 0.01 
16 16 16 16 16 16 16 16 16 16 16 16 16 
0.02 0.02 0.02 0.02 0.02 0.02 0.02 0.02 0.02 0.02 0.02 0.02 0.02 
16 16 16 16 16 16 16 16 16 16 16 16 16 
0 1 
11 2 -1 -1 11 0
2 2 13
0.57173 0.42827 
6.00541 -0.318168 -5.57811 -2.53704 -2.6917 -2.80336 -2.79992 4.90438 2.04107 3.86673 -4.51447 -1.57389 -0.283748 
0.560779 0.834516 1.28039 1.82118 1.44931 4.34268 2.1776 4.01864 1.88337 6.3003 4.32386 4.60629 5.12078 
5.08146 0.683491 -3.73499 -1.01879 -2.26692 -3.39656 -4.094 1.90829 0.726846 4.12561 -2.93485 -0.228185 0.403167 
0.982342 1.53883 2.65754 6.50558 3.98003 9.01497 5.27272 11.2332 3.87995 10.2064 8.62714 8.58044 13.9765 
0.83955 0.16045 
12 2 -1 -1 12 0
2 2 13
0.429854 0.570146 
6.19936 0.121937 -5.97182 -4.97761 -3.0583 0.369652 -0.460233 1.05528 2.49498 4.5532 -2.89237 -5.39649 0.52601 
0.496298 1.03743 1.68777 0.938126 2.0384 4.39186 3.02777 5.85704 2.90427 7.10896 6.45579 3.91149 5.67424 
5.47322 0.694195 -5.81005 -3.52115 -1.45039 -2.76165 -0.303977 2.38408 3.2757 2.3775 -5.18981 -2.44768 0.34858 
0.75718 1.27871 1.92252 1.69075 1.41708 4.77456 2.81312 6.66374 2.79331 6.57259 4.57023 4.68891 4.70787 
0.900481 0.0995188 
13 2 -1 -1 13 0
2 2 13
0.524385 0.475615 
3.99539 2.57726 -4.79494 -4.82222 -0.941556 -1.37864 0.931168 -1.13443 2.60383 2.13148 -3.0382 -5.34996 -1.22498 
1.89979 2.02549 5.52611 2.97957 6.72315 10.6887 6.41829 15.4355 5.81064 16.6485 17.0734 7.93329 16.8952 
3.95377 1.41897 -3.02397 -1.40919 -0.216073 -3.90787 -2.38304 1.1504 1.76792 3.63235 -4.77844 -0.61342 1.16317 
1.99819 2.30096 4.70509 2.69663 5.16191 6.5858 6.25457 15.4719 5.14209 10.9416 8.30988 8.24214 17.5103 
0.791813 0.208187 
14 2 -1 2 14 1
2 1 13
0.5 0.5 
0.01 0.01 0.01 0.01 0.01 0.01 0.01 0.01 0.01 0.01 0.01 0.01 0.01 
16 16 16 16 16 16 16 16 16 16 16 16 16 
0.02 0.02 0.02 0.02 0.02 0.02 0.02 0.02 0.02 0.02 0.02 0.02 0.02 
16 16 16 16 16 16 16 16 16 16 16 16 16 
0 
15 3 3 -1 15 1
2 2 13
0.5 0.5 
0.01 0.01 0.01 0.01 0.01 0.01 0.01 0.01 0.01 0.01 0.01 0.01 0.01 
16 16 16 16 16 16 16 16 16 16 16 16 16 
0.02 0.02 0.02 0.02 0.02 0.02 0.02 0.02 0.02 0.02 0.02 0.02 0.02 
16 16 16 16 16 16 16 16 16 16 16 16 16 
0 1 
16 3 -1 -1 16 0
2 2 13
0.498532 0.501468 
1.40337 3.00757 -0.480372 0.499677 1.28141 3.55068 -1.70552 -2.09702 -3.84703 -1.36597 4.06156 -3.87649 -3.18562 
1.74913 1.3452 2.18492 4.00337 4.13979 3.50794 7.36858 7.96411 5.37569 8.9383 10.5064 7.98961 11.3482 
-1.39577 3.42519 3.40793 0.065729 3.6124 2.32884 3.67281 1.79732 -3.9654 -1.91088 2.08352 -1.99775 -2.61105 
0.976672 2.0713 4.55844 4.13448 15.2345 9.99454 7.43729 13.5233 13.752 17.6224 14.3985 10.2824 16.3229 
0.709828 0.290172 
17 3 -1 -1 17 0
2 2 13
0.335653 0.664347 
-0.020911 2.96884 0.776208 -0.236619 2.45601 3.01104 0.453743 -3.2192 -1.99628 -0.464605 2.92084 -2.50061 -3.79727 
2.94551 3.18527 3.71687 4.02973 7.65791 4.90257 7.19705 9.80767 6.78103 9.64176 9.88832 8.92535 11.0474 
-3.23374 2.63964 5.51164 -0.312594 4.4826 3.54674 2.96987 -2.22137 -1.42281 -2.19523 2.87865 0.271015 -4.38162 
0.641527 1.7002 4.06349 2.47592 6.87476 6.80955 7.61976 14.5175 8.658 12.4808 17.3078 7.67701 15.2452 
0.775262 0.224738 
18 3 -1 -1 18 0
2 2 13
0.38755 0.61245 
4.19572 2.53737 -2.28047 -2.0468 -2.48917 1.17793 -3.65151 -3.88247 -2.73984 3.06015 4.39449 -4.71612 -2.28845 
1.18714 1.29506 1.14188 4.87966 5.05109 2.43866 6.8018 4.49672 3.15919 11.5573 7.8833 4.90938 9.14489 
0.523663 1.13525 0.662567 2.33458 3.18924 1.02809 -1.20302 0.179424 -0.800658 -3.12554 0.148801 -2.37163 -1.17282 
2.57359 3.84405 5.69079 7.11631 6.71152 5.54266 10.7487 13.8733 5.95771 8.10478 7.49195 11.1513 11.4544 
0.602508 0.397492 
19 3 -1 3 19 1
2 1 13
0.5 0.5 
0.01 0.01 0.01 0.01 0.01 0.01 0.01 0.01 0.01 0.01 0.01 0.01 0.01 
16 16 16 16 16 16 16 16 16 16 16 16 16 
0.02 0.02 0.02 0.02 0.02 0.02 0.02 0.02 0.02 0.02 0.02 0.02 0.02 
16 16 16 16 16 16 16 16 16 16 16 16 16 
0 
20 4 4 -1 20 1
2 2 13
0.5 0.5 
0.01 0.01 0.01 0.01 0.01 0.01 0.01 0.01 0.01 0.01 0.01 0.01 0.01 
16 16 16 16 16 16 16 16 16 16 16 16 16 
0.02 0.02 0.02 0.02 0.02 0.02 0.02 0.02 0.02 0.02 0.02 0.02 0.02 
16 16 16 16 16 16 16 16 16 16 16 16 16 
0 1 
21 4 -1 -1 21 0
2 2 13
0.451942 0.548058 
-4.61908 -0.1343 5.60416 -0.116737 3.20065 -0.382389 -1.61063 -6.89911 -2.30214 -5.18012 -0.671776 2.24975 -0.602454 
0.288127 1.27743 1.58816 3.32174 2.47098 3.91483 4.71026 10.8525 5.15046 10.2097 6.83004 6.60501 9.31405 
-2.26559 -0.785031 4.87138 1.49188 4.94966 -0.884691 1.00108 -2.42928 0.48813 -3.06424 -1.0636 1.64487 -0.622314 
2.58547 9.6832 7.87059 8.8159 6.9217 9.73828 10.9376 27.1155 7.62924 13.8311 12.4893 9.25144 15.2256 
0.886717 0.113283 
22 4 -1 -1 22 0
2 2 13
0.711709 0.288291 
-5.41116 -2.53129 3.74263 -1.70963 2.86637 0.758943 0.374004 -3.36461 0.599257 -2.64957 1.01145 3.1647 -1.03708 
0.163953 1.29362 1.79352 2.61435 2.30247 5.04398 4.35766 7.08974 4.54389 9.19974 7.80329 6.81537 10.8674 
-3.3653 -4.27714 0.650117 -2.60819 0.378383 0.256749 1.2051 -1.27945 2.7477 -0.205925 1.36075 2.84779 -1.78336 
5.83244 3.25274 4.5542 4.54895 3.02346 7.68608 5.15964 10.5209 4.44002 6.55285 7.43564 6.79564 10.358 
0.838501 0.161499 
23 4 -1 -1 23 0
2 2 13
0.477361 0.522639 
2.18369 -6.38889 1.79871 -0.740775 2.14633 -0.861922 1.15474 0.363534 1.64948 -0.679996 -1.13378 2.61412 -2.41826 
1.06905 6.53165 8.00518 3.39141 7.20888 5.70241 9.78466 13.7527 7.96909 11.0992 8.19889 9.225 13.9163 
2.92134 -9.75058 3.64827 -2.48798 0.304575 -0.758014 1.22991 1.46866 2.40472 -2.1949 1.60404 4.69638 -2.90127 
0.87474 2.72178 2.30489 4.63623 4.61713 4.7849 4.64196 9.83301 5.3566 10.0003 7.81706 8.25994 12.1355 
0.894908 0.105092 
24 4 -1 4 24 1
2 1 13
0.5 0.5 
0.01 0.01 0.01 0.01 0.01 0.01 0.01 0.01 0.01 0.01 0.01 0.01 0.01 
16 16 16 16 16 16 16 16 16 16 16 16 16 
0.02 0.02 0.02 0.02 0.02 0.02 0.02 0.02 0.02 0.02 0.02 0.02 0.02 
16 16 16 16 16 16 16 16 16 16 16 16 16 
0 
25 5 5 -1 25 1
2 2 13
0.5 0.5 
0.01 0.01 0.01 0.01 0.01 0.01 0.01 0.01 0.01 0.01 0.01 0.01 0.01 
16 16 16 16 16 16 16 16 16 16 16 16 16 
0.02 0.02 0.02 0.02 0.02 0.02 0.02 0.02 0.02 0.02 0.02 0.02 0.02 
16 16 16 16 16 16 16 16 16 16 16 16 16 
0 1 
26 5 -1 -1 26 0
2 2 13
0.478283 0.521717 
2.61977 2.10903 -0.567306 -0.405888 2.20349 -0.102485 -3.3427 -4.84488 -1.11887 4.30353 -2.5819 -5.21471 6.01679 
2.01722 1.68134 1.74808 2.69721 4.47564 6.99483 4.05789 6.42229 4.50999 7.5404 7.26228 6.33974 7.82613 
-0.919588 1.99243 3.27944 0.0243915 4.37582 2.6875 0.527893 -3.77151 -1.37373 2.06319 -0.259164 -3.15875 1.29471 
2.20901 3.12623 4.13466 5.09066 5.66042 12.9883 7.07071 17.7615 11.0232 15.4672 16.0961 10.5076 14.3628 
0.711089 0.288911 
27 5 -1 -1 27 0
2 2 13
0.534318 0.465682 
-0.432328 1.72785 1.40292 1.22833 5.82587 1.09645 -1.20755 -2.70503 -0.0227242 2.23064 -3.2186 -4.16585 5.57537 
1.87088 1.82348 2.58519 2.58728 3.20352 4.88002 5.23418 11.1652 5.75924 8.81229 7.60674 7.91916 9.99159 
-3.53488 1.21262 5.98939 1.09167 6.14307 2.58412 0.562333 -2.39249 1.30199 -0.151878 -0.0814413 0.400564 -0.209296 
0.887772 1.88537 2.61917 3.08246 3.94209 7.76547 7.37002 12.7099 7.10945 10.2069 10.1676 8.49917 16.1961 
0.800925 0.199075 
28 5 -1 -1 28 0
2 2 13
0.480446 0.519554 
3.00629 0.879161 0.0708824 0.821137 2.33591 -2.36397 -3.80264 -2.84056 -0.443523 0.472531 -3.20645 -2.40325 4.99014 
1.92239 1.55244 1.59364 4.05101 3.82504 7.37201 4.6253 7.50975 5.14746 13.2474 7.07572 10.2998 11.0904 
0.64042 -1.80346 1.41747 -0.778966 2.49881 0.407184 2.10444 -0.654493 2.11843 -1.81053 -0.568172 1.8197 -2.71273 
2.48255 3.09794 4.60398 4.59895 6.29808 8.49626 7.17225 9.14941 4.37629 9.40627 7.50227 8.1678 11.6333 
0.709545 0.290455 
29 5 -1 5 29 1
2 1 13
0.5 0.5 
0.01 0.01 0.01 0.01 0.01 0.01 0.01 0.01 0.01 0.01 0.01 0.01 0.01 
16 16 16 16 16 16 16 16 16 16 16 16 16 
0.02 0.02 0.02 0.02 0.02 0.02 0.02 0.02 0.02 0.02 0.02 0.02 0.02 
16 16 16 16 16 16 16 16 16 16 16 16 16 
0 
30 6 6 -1 30 1
2 2 13
0.5 0.5 
0.01 0.01 0.01 0.01 0.01 0.01 0.01 0.01 0.01 0.01 0.01 0.01 0.01 
16 16 16 16 16 16 16 16 16 16 16 16 16 
0.02 0.02 0.02 0.02 0.02 0.02 0.02 0.02 0.02 0.02 0.02 0.02 0.02 
16 16 16 16 16 16 16 16 16 16 16 16 16 
0 1 
31 6 -1 -1 31 0
2 2 13
0.787698 0.212302 
4.67533 0.0429627 -1.25153 2.22134 -0.319949 -5.19515 -5.09504 0.800203 -1.01619 -1.34806 -1.50204 -0.459651 3.41847 
0.727515 1.12801 1.52853 2.14025 2.65897 4.35547 4.37777 5.1489 3.68684 5.39152 5.4999 6.15648 7.2527 
0.310985 -1.36803 2.01986 2.65142 0.79332 -4.01685 0.165912 1.15128 -1.18932 -0.551464 1.06901 1.25144 -0.0680696 
5.10797 6.66893 6.95082 4.81641 6.88461 6.7264 9.63994 10.9937 9.79631 10.6415 10.7511 8.74233 11.6954 
0.729449 0.270551 
32 6 -1 -1 32 0
2 2 13
0.55348 0.44652 
4.56568 -1.29911 0.418686 4.20576 -2.00471 -6.24177 -2.68263 0.785782 -3.74174 -2.00207 0.854952 -0.960222 0.163979 
0.567462 0.659991 1.08718 1.24461 2.25136 2.08572 4.10836 4.00718 3.67144 5.10622 3.71133 5.06197 4.31657 
4.05306 -0.302433 -0.898009 3.43562 -2.02663 -5.29044 -3.22057 2.95865 -2.74858 -0.115113 -0.848717 0.598606 -0.636251 
0.983969 1.53524 2.15073 2.93025 3.8773 4.39758 6.0518 5.60556 4.94155 4.34727 4.6287 4.6461 7.44507 
0.854118 0.145882 
33 6 -1 -1 33 0
2 2 13
0.460969 0.539031 
3.77549 0.404866 -0.762641 4.00405 -0.0886508 -3.62916 -4.22565 1.16375 -1.86902 -3.78714 0.105868 -2.1054 1.75823 
1.25682 1.57176 2.21836 5.44211 4.92385 6.47213 8.05707 9.5668 5.78324 11.4775 9.11738 6.48244 12.6679 
0.896066 0.549337 2.35836 2.69815 0.751526 -6.54165 1.73836 2.87094 -2.22443 0.743144 -0.25341 -0.190059 0.238429 
2.58545 2.50173 3.95495 2.92524 5.75932 6.06962 10.0926 14.0932 7.63601 8.78185 9.28627 8.11521 13.9498 
0.734271 0.265729 
34 6 -1 6 34 1
2 1 13
0.5 0.5 
0.01 0.01 0.01 0.01 0.01 0.01 0.01 0.01 0.01 0.01 0.01 0.01 0.01 
16 16 16 16 16 16 16 16 16 16 16 16 16 
0.02 0.02 0.02 0.02 0.02 0.02 0.02 0.02 0.02 0.02 0.02 0.02 0.02 
16 16 16 16 16 16 16 16 16 16 16 16 16 
0 
35 7 7 -1 35 1
2 2 13
0.5 0.5 
0.01 0.01 0.01 0.01 0.01 0.01 0.01 0.01 0.01 0.01 0.01 0.01 0.01 
16 16 16 16 16 16 16 16 16 16 16 16 16 
0.02 0.02 0.02 0.02 0.02 0.02 0.02 0.02 0.02 0.02 0.02 0.02 0.02 
16 16 16 16 16 16 16 16 16 16 16 16 16 
0 1 
36 7 -1 -1 36 0
2 2 13
0.880978 0.119022 
4.87796 -0.450894 -1.45732 2.58542 -1.44614 -5.79424 -4.28153 2.37232 -1.38721 -0.925337 0.0546746 -0.448336 1.03097 
0.837414 1.08087 1.21318 2.74847 2.79874 4.27744 6.95875 4.03019 4.14332 4.95594 6.2727 7.04103 7.94348 
0.813056 -1.29391 2.02815 2.4139 0.776401 -4.14349 0.318037 -0.480657 -1.98916 -0.35035 0.0613742 0.432351 -0.351151 
7.76208 6.3121 7.74111 6.60824 7.39673 9.51111 14.0213 12.9401 10.2757 12.2373 10.8134 15.1803 14.2755 
0.818415 0.181585 
37 7 -1 -1 37 0
2 2 13
0.544042 0.455958 
4.86175 -1.64456 0.576508 4.66839 -2.42186 -6.29604 -1.79589 1.05333 -4.61114 -1.18049 0.815478 -1.91009 -0.00305946 
0.527397 0.645335 0.761943 1.19835 1.99573 1.708 4.37347 3.98517 3.3757 4.68569 3.81617 5.20675 5.34166 
3.67857 -0.320119 0.974289 4.54611 -1.84156 -5.48174 -0.979563 0.211907 -4.42634 -0.233514 -1.16083 -1.4787 -0.293039 
1.04727 2.1399 3.13317 4.10453 4.3204 4.17154 7.81136 8.84995 8.86732 9.11873 6.68063 5.75383 9.42654 
0.86039 0.13961 
38 7 -1 -1 38 0
2 2 13
0.320721 0.679279 
4.4554 -0.389801 0.262486 2.88433 -1.03204 -7.68317 1.30732 -1.97244 -1.86821 -3.67901 -3.31397 -5.33267 -6.57469 
0.522678 1.43956 4.26737 3.93025 3.56502 4.28412 7.22758 6.78535 5.02202 10.3595 13.0261 9.53956 12.587 
2.36763 0.873063 1.37111 2.64253 0.510288 -4.39399 0.0831874 0.826447 -1.08433 -0.493031 -2.4129 -1.30628 0.90605 
3.02485 2.39764 10.924 4.88233 10.2097 12.254 17.514 13.4608 9.54946 14.4937 14.7857 11.1352 16.2526 
0.746209 0.253791 
39 7 -1 7 39 1
2 1 13
0.5 0.5 
0.01 0.01 0.01 0.01 0.01 0.01 0.01 0.01 0.01 0.01 0.01 0.01 0.01 
16 16 16 16 16 16 16 16 16 16 16 16 16 
0.02 0.02 0.02 0.02 0.02 0.02 0.02 0.02 0.02 0.02 0.02 0.02 0.02 
16 16 16 16 16 16 16 16 16 16 16 16 16 
0 
40 8 8 -1 40 1
2 2 13
0.5 0.5 
0.01 0.01 0.01 0.01 0.01 0.01 0.01 0.01 0.01 0.01 0.01 0.01 0.01 
16 16 16 16 16 16 16 16 16 16 16 16 16 
0.02 0.02 0.02 0.02 0.02 0.02 0.02 0.02 0.02 0.02 0.02 0.02 0.02 
16 16 16 16 16 16 16 16 16 16 16 16 16 
0 1 
41 8 -1 -1 41 0
2 2 13
0.390196 0.609804 
-0.173429 -3.74875 3.13025 0.518478 3.28792 -0.222884 0.768491 -3.11006 0.855284 -3.81464 -0.17461 1.75008 -0.96054 
1.91348 1.9152 3.18862 3.4688 3.9212 5.07542 4.90243 12.4989 4.96841 8.37705 7.91165 6.60856 10.1771 
0.894697 -1.97912 1.34865 -0.779999 2.54511 1.36229 2.30809 -0.356075 2.31676 -1.31772 0.951652 0.0564624 -3.01627 
1.1397 6.73911 3.34111 3.49314 3.8708 5.64136 6.00948 9.00527 5.39388 9.07671 9.96757 8.60614 9.8829 
0.83534 0.16466 
42 8 -1 -1 42 0
2 2 13
0.51917 0.48083 
-1.26452 -5.46154 2.2192 -1.12616 3.0977 0.264459 2.46235 -1.77946 2.22505 -2.37078 1.01449 2.16997 -1.29568 
1.31537 1.45308 2.19767 2.37722 3.51891 4.34286 4.31669 8.58624 3.90694 7.75289 7.46261 7.63271 11.8834 
-1.06507 -6.27556 0.896338 -2.23789 2.74704 0.447456 3.23435 0.194499 4.14717 0.297192 2.59509 2.57608 -1.53384 
1.20823 2.00848 2.24213 2.30319 3.19617 4.29661 5.54353 8.90625 4.13666 7.83583 8.31722 7.62309 11.7952 
0.915939 0.0840613 
43 8 -1 -1 43 0
2 2 13
0.490052 0.509948 
0.916718 -2.20892 0.816281 -1.49669 1.65934 0.963175 2.50663 -0.577721 1.95201 -1.46924 0.611916 0.391339 -3.23874 
0.902832 7.49926 3.42919 4.23395 4.85538 5.20353 5.57933 8.15253 4.72239 9.38586 9.03852 8.32964 9.82282 
0.543667 -5.15606 -0.396536 -1.0682 2.02755 -0.293216 2.22156 0.211926 3.04061 -0.43932 1.71257 2.32252 -1.83105 
0.785574 2.8712 3.05818 5.90628 3.32646 7.3445 6.8154 10.4842 6.26084 9.82445 8.61167 6.91341 13.5968 
0.857778 0.142222 
44 8 -1 8 44 1
2 1 13
0.5 0.5 
0.01 0.01 0.01 0.01 0.01 0.01 0.01 0.01 0.01 0.01 0.01 0.01 0.01 
16 16 16 16 16 16 16 16 16 16 16 16 16 
0.02 0.02 0.02 0.02 0.02 0.02 0.02 0.02 0.02 0.02 0.02 0.02 0.02 
16 16 16 16 16 16 16 16 16 16 16 16 16 
0 
45 9 9 -1 45 1
2 2 13
0.5 0.5 
0.01 0.01 0.01 0.01 0.01 0.01 0.01 0.01 0.01 0.01 0.01 0.01 0.01 
16 16 16 16 16 16 16 16 16 16 16 16 16 
0.02 0.02 0.02 0.02 0.02 0.02 0.02 0.02 0.02 0.02 0.02 0.02 0.02 
16 16 16 16 16 16 16 16 16 16 16 16 16 
0 1 
46 9 -1 -1 46 0
2 2 13
0.468017 0.531983 
1.3061 -0.230947 1.79313 3.81884 3.31583 -5.05179 -0.726023 3.33576 -5.49981 -0.293072 -0.213126 -1.57291 -1.14493 
2.57263 1.95946 3.06771 3.9441 5.11439 6.71585 15.6497 10.3026 5.94769 14.9696 9.72073 9.8782 10.222 
-1.94292 0.620385 4.19693 1.11887 4.0696 -0.127166 1.74063 -0.268533 -1.98787 -0.721399 1.27298 -0.0210954 -2.03925 
5.35998 6.23138 11.7753 7.00946 7.61085 13.7583 13.124 13.4318 9.15029 13.9725 10.5692 13.2739 12.7448 
0.83683 0.16317 
47 9 -1 -1 47 0
2 2 13
0.44821 0.55179 
3.56127 -0.439011 -0.0668138 3.88345 1.50926 -6.45821 -2.86201 1.97066 -4.8633 -2.24186 2.08466 -2.34659 0.853754 
1.51225 0.702965 0.975949 3.69441 3.30075 3.92197 6.88848 4.16108 3.80446 10.5818 5.59619 6.64107 4.69087 
1.1315 2.16681 1.74758 -2.06491 1.41927 3.49152 -2.77639 -0.112686 -5.33099 2.25739 1.95104 -4.07355 0.315497 
2.83921 1.92649 5.29076 8.60321 7.82547 8.22088 11.7941 11.1922 12.875 13.7841 12.4409 12.5172 13.3407 
0.693183 0.306817 
48 9 -1 -1 48 0
2 2 13
0.452847 0.547153 
3.50575 0.98202 -1.42255 1.99551 1.36585 -4.44491 -4.49494 1.40775 -2.86767 0.232845 0.387255 -2.47012 1.69195 
1.75702 2.40656 2.01291 4.86152 4.48005 10.4852 8.47558 10.8076 3.97398 11.7793 7.53963 9.10914 11.8411 
0.0502523 3.72083 3.74157 -4.02693 -2.22452 3.69037 1.20603 2.3411 -5.73181 -2.50737 1.75154 -1.40708 1.81217 
3.91044 3.50755 4.56352 4.95233 8.81476 6.4995 5.35525 16.8047 11.8429 12.3788 13.2112 9.07064 16.3587 
0.67754 0.32246 
49 9 -1 9 49 1
2 1 13
0.5 0.5 
0.01 0.01 0.01 0.01 0.01 0.01 0.01 0.01 0.01 0.01 0.01 0.01 0.01 
16 16 16 16 16 16 16 16 16 16 16 16 16 
0.02 0.02 0.02 0.02 0.02 0.02 0.02 0.02 0.02 0.02 0.02 0.02 0.02 
16 16 16 16 16 16 16 16 16 16 16 16 16 
0 
50 10 10 -1 50 1
2 2 13
0.5 0.5 
0.01 0.01 0.01 0.01 0.01 0.01 0.01 0.01 0.01 0.01 0.01 0.01 0.01 
16 16 16 16 16 16 16 16 16 16 16 16 16 
0.02 0.02 0.02 0.02 0.02 0.02 0.02 0.02 0.02 0.02 0.02 0.02 0.02 
16 16 16 16 16 16 16 16 16 16 16 16 16 
0 1 
51 10 -1 -1 51 0
2 2 13
0.646563 0.353437 
3.47014 -1.58884 2.05965 6.20379 -0.982694 -3.7185 0.411905 1.04904 -4.33362 -2.11282 0.679851 -3.86938 -0.293766 
1.19853 1.38233 1.59436 2.47098 5.99776 4.10288 7.7959 7.60596 4.8128 8.0474 6.26839 7.37984 8.07302 
0.398321 -3.14821 4.08769 2.67789 2.11881 -1.38828 4.08574 -0.642163 -0.869325 -1.55016 0.029377 0.450631 -3.32434 
1.44259 4.28527 5.05912 3.52808 4.88476 11.385 8.33404 13.6738 6.18359 12.1602 10.0322 7.76402 12.3428 
0.72742 0.27258 
52 10 -1 -1 52 0
2 2 13
0.554637 0.445363 
2.83261 -2.58205 4.15583 7.6139 -1.35502 -1.71905 1.24954 -0.548164 -5.97604 -1.32513 -1.10051 -4.35193 -0.449446 
0.78395 0.866316 1.31172 1.16873 2.8464 3.90354 3.76048 5.59981 2.95537 8.15261 7.1276 3.51175 5.95604 
2.62126 -2.92852 5.90023 6.47885 -3.83501 -0.135314 1.82782 -0.931211 -3.22629 -1.18169 -0.0366618 -4.24398 0.591433 
1.16205 1.32675 2.34179 1.51913 6.31692 4.6845 3.62287 6.18982 3.15931 10.1767 8.17645 5.61349 12.6889 
0.880395 0.119605 
53 10 -1 -1 53 0
2 2 13
0.466371 0.533629 
1.86935 -0.770708 2.22621 6.34513 1.3869 -3.12117 0.375826 3.58126 -4.8704 -2.41171 1.24104 -4.61669 0.991054 
2.0771 1.75805 2.22716 3.88455 8.56936 4.6841 12.4769 10.4106 8.66788 13.659 9.80352 7.35123 10.7855 
0.348376 -1.11347 5.72963 5.84081 -0.558866 -2.31329 4.5997 -1.27225 -4.70329 2.24877 -3.53942 -2.81948 0.913479 
2.6749 2.20205 3.03118 2.70228 8.52206 5.73381 6.74678 12.4105 8.36688 13.0035 10.818 8.85264 16.4401 
0.7736 0.2264 
54 10 -1 10 54 1
2 1 13
0.5 0.5 
0.01 0.01 0.01 0.01 0.01 0.01 0.01 0.01 0.01 0.01 0.01 0.01 0.01 
16 16 16 16 16 16 16 16 16 16 16 16 16 
0.02 0.02 0.02 0.02 0.02 0.02 0.02 0.02 0.02 0.02 0.02 0.02 0.02 
16 16 16 16 16 16 16 16 16 16 16 16 16 
0 
55 11 11 -1 55 1
2 2 13
0.5 0.5 
0.01 0.01 0.01 0.01 0.01 0.01 0.01 0.01 0.01 0.01 0.01 0.01 0.01 
16 16 16 16 16 16 16 16 16 16 16 16 16 
0.02 0.02 0.02 0.02 0.02 0.02 0.02 0.02 0.02 0.02 0.02 0.02 0.02 
16 16 16 16 16 16 16 16 16 16 16 16 16 
0 1 
56 11 -1 -1 56 0
2 2 13
0.52701 0.47299 
2.78205 -1.58195 2.54029 5.20334 -1.76753 -3.38644 0.692464 1.001 -3.54661 -1.036 0.0879095 -1.90039 -1.20572 
2.03306 1.75254 2.72121 2.68631 9.98298 6.16874 6.74908 6.454 4.24379 8.95553 4.73949 6.55524 5.57218 
1.24531 -1.64731 5.85436 5.2999 -1.73805 -0.900699 4.02178 -2.22382 -2.72982 -1.65357 -2.23785 -3.31278 -1.03257 
4.17745 2.42926 3.96807 2.90926 13.7071 6.54223 5.43164 11.1454 5.5119 20.2993 12.1167 15.4358 15.8376 
0.77188 0.22812 
57 11 -1 -1 57 0
2 2 13
0.425412 0.574588 
3.50034 -2.72418 3.19388 7.69356 -1.62159 -1.8167 -0.113917 1.14015 -5.27106 -3.10479 1.55892 -5.27553 0.0337322 
0.783713 0.989483 1.98581 1.3227 3.0971 3.60042 5.5359 9.5396 5.57895 6.85424 7.54259 3.31296 5.82764 
2.72263 -2.37228 4.54763 6.61454 -2.41074 -2.13817 1.01667 -1.79827 -5.24294 -0.574465 -1.94942 -2.86961 -1.23767 
1.513 1.6234 2.01775 1.35467 2.41016 5.03194 3.02241 3.88669 3.3738 5.94048 4.52756 3.59418 6.38834 
0.888434 0.111566 
58 11 -1 -1 58 0
2 2 13
0.69305 0.30695 
4.58118 -1.16362 0.063686 3.32967 -2.16724 -5.4553 -3.51291 1.9707 -3.18361 -0.406548 0.405818 -0.682294 -0.47855 
0.825649 1.30936 1.71081 2.90738 3.79251 3.59792 7.70933 5.66364 4.39829 6.16788 3.79708 6.68399 8.90988 
2.70448 -0.306964 1.45044 5.49086 0.175625 -4.42257 -2.24597 2.18614 -4.93382 -3.75854 1.16817 -3.62728 -0.349798 
3.68855 2.67372 3.3951 3.55898 4.64143 4.08517 16.92 10.4008 6.02831 13.9608 8.82036 6.89665 10.4614 
0.807417 0.192583 
59 11 -1 11 59 1
2 1 13
0.5 0.5 
0.01 0.01 0.01 0.01 0.01 0.01 0.01 0.01 0.01 0.01 0.01 0.01 0.01 
16 16 16 16 16 16 16 16 16 16 16 16 16 
0.02 0.02 0.02 0.02 0.02 0.02 0.02 0.02 0.02 0.02 0.02 0.02 0.02 
16 16 16 16 16 16 16 16 16 16 16 16 16 
0 
60 12 12 -1 60 1
2 2 13
0.5 0.5 
0.01 0.01 0.01 0.01 0.01 0.01 0.01 0.01 0.01 0.01 0.01 0.01 0.01 
16 16 16 16 16 16 16 16 16 16 16 16 16 
0.02 0.02 0.02 0.02 0.02 0.02 0.02 0.02 0.02 0.02 0.02 0.02 0.02 
16 16 16 16 16 16 16 16 16 16 16 16 16 
0 1 
61 12 -1 -1 61 0
2 2 13
0.583499 0.416501 
4.05516 -3.60193 4.69286 7.48141 -3.69132 -0.475808 0.641181 -0.682112 -3.31464 -1.44817 1.67297 -4.25834 0.780717 
0.389623 0.803556 1.46389 0.887683 2.20232 3.33466 2.96351 3.59015 3.50672 4.36026 2.93275 2.9051 4.54419 
3.06716 -1.90088 2.43667 6.7808 -0.860055 -2.60938 0.880581 0.976433 -5.14285 -1.21525 -0.241545 -3.90734 -0.646515 
1.29424 1.25165 2.34028 2.67038 5.55424 3.33535 7.89831 9.57741 6.06682 8.15192 6.24017 6.07532 7.77717 
0.864485 0.135515 
62 12 -1 -1 62 0
2 2 13
0.530765 0.469235 
2.79594 -3.6265 5.79225 7.56914 -3.03575 0.637642 1.08894 -1.9617 -4.99628 -0.207308 -2.25747 -3.55846 -0.844582 
0.877752 0.78484 1.69216 0.799885 1.35997 2.80784 1.54203 3.87685 2.86342 5.15308 3.66083 3.08654 5.2924 
2.41086 -2.12281 5.42346 6.53744 -3.66608 -0.490104 2.95503 -1.53949 -3.20528 -0.523598 -1.56636 -4.73724 0.93024 
1.52844 1.55444 3.31026 2.33204 7.81494 4.8889 3.56125 5.65129 4.97306 9.45881 9.26625 5.25262 11.4227 
0.880031 0.119969 
63 12 -1 -1 63 0
2 2 13
0.566058 0.433942 
3.56608 -1.07213 2.21579 6.12443 -1.19735 -3.54587 2.05548 -1.04949 -4.70897 -3.44881 -1.72744 -5.88723 -1.51252 
1.54984 1.65742 3.19056 3.4338 7.3217 5.75468 12.3641 19.9955 8.07548 14.46 11.193 12.5608 9.58178 
0.851884 -1.23265 6.13577 5.33065 -0.944568 -1.54401 5.1368 -3.03312 -2.79438 0.0947478 -3.71014 -2.8872 -1.05392 
1.95918 2.85604 4.42132 3.91331 6.8362 8.60029 7.39722 13.6877 7.8592 15.9825 15.8155 11.3993 17.867 
0.823386 0.176614 
64 12 -1 12 64 1
2 1 13
0.5 0.5 
0.01 0.01 0.01 0.01 0.01 0.01 0.01 0.01 0.01 0.01 0.01 0.01 0.01 
16 16 16 16 16 16 16 16 16 16 16 16 16 
0.02 0.02 0.02 0.02 0.02 0.02 0.02 0.02 0.02 0.02 0.02 0.02 0.02 
16 16 16 16 16 16 16 16 16 16 16 16 16 
0 
65 13 13 -1 65 1
2 2 13
0.5 0.5 
0.01 0.01 0.01 0.01 0.01 0.01 0.01 0.01 0.01 0.01 0.01 0.01 0.01 
16 16 16 16 16 16 16 16 16 16 16 16 16 
0.02 0.02 0.02 0.02 0.02 0.02 0.02 0.02 0.02 0.02 0.02 0.02 0.02 
16 16 16 16 16 16 16 16 16 16 16 16 16 
0 1 
66 13 -1 -1 66 0
2 2 13
0.397435 0.602565 
-4.37366 0.430748 6.28332 0.246658 3.30778 -1.14154 -1.77264 -6.07078 -2.30223 -4.67512 -0.153382 2.04015 -0.302356 
0.304439 1.93511 2.43155 4.28366 3.34801 6.03004 8.04776 14.2019 9.71487 14.04 9.42289 6.13675 10.7175 
-3.18498 -0.269626 3.81331 0.00258462 4.37385 -0.274882 0.298793 -0.0358445 -0.128626 -0.791743 0.797347 1.4827 -1.06834 
1.99389 8.55041 8.16311 8.54866 7.99037 13.752 15.7961 18.7783 12.5923 18.75 13.7464 11.3516 14.6183 
0.804619 0.195381 
67 13 -1 -1 67 0
2 2 13
0.536439 0.463561 
-5.20767 -2.00092 3.98887 -1.85057 2.68024 -0.0568365 -0.687575 -4.06396 0.0402035 -2.95388 0.813061 2.79774 -0.54168 
0.236176 1.2886 2.00997 2.47713 2.80409 4.88677 5.10731 8.90289 5.80503 9.8248 8.57399 7.98385 10.706 
-5.64205 -3.83305 1.85684 -3.27563 2.21966 1.13324 1.24281 -0.818643 2.70868 0.383419 2.96783 3.72715 -0.649837 
0.254276 1.25483 2.22169 2.95229 3.12365 4.93913 5.16723 9.18384 4.41364 9.11166 8.06906 7.22421 11.0583 
0.863985 0.136015 
68 13 -1 -1 68 0
2 2 13
0.418424 0.581576 
0.582824 0.0619248 0.115668 -8.30856 -1.89045 5.00493 1.57806 0.874722 -1.89633 -0.0932552 2.17946 2.14507 0.784695 
3.27182 3.13286 7.48365 6.12373 7.91777 9.14601 9.51226 16.2414 9.00931 14.36 12.3618 10.2486 18.474 
1.15009 -4.25454 -0.634002 -0.93326 1.51197 -1.82467 1.39462 -0.594455 1.22633 -0.658411 0.304517 3.48525 -3.24735 
4.16839 6.04947 15.5595 8.05151 9.15909 13.2636 9.69538 13.7359 6.97951 10.7897 8.80986 10.3446 13.5264 
0.793278 0.206722 
69 13 -1 13 69 1
2 1 13
0.5 0.5 
0.01 0.01 0.01 0.01 0.01 0.01 0.01 0.01 0.01 0.01 0.01 0.01 0.01 
16 16 16 16 16 16 16 16 16 16 16 16 16 
0.02 0.02 0.02 0.02 0.02 0.02 0.02 0.02 0.02 0.02 0.02 0.02 0.02 
16 16 16 16 16 16 16 16 16 16 16 16 16 
0 
70 14 14 -1 70 1
2 2 13
0.5 0.5 
0.01 0.01 0.01 0.01 0.01 0.01 0.01 0.01 0.01 0.01 0.01 0.01 0.01 
16 16 16 16 16 16 16 16 16 16 16 16 16 
0.02 0.02 0.02 0.02 0.02 0.02 0.02 0.02 0.02 0.02 0.02 0.02 0.02 
16 16 16 16 16 16 16 16 16 16 16 16 16 
0 1 
71 14 -1 -1 71 0
2 2 13
0.665021 0.334979 
2.46455 0.621465 1.70757 0.943784 1.76467 0.916558 -6.07972 -0.789572 0.646862 -1.81461 -3.77451 -1.45934 1.83537 
1.37515 2.26496 3.95627 5.8003 3.56687 7.02804 9.70682 10.5125 6.41503 14.2112 9.05555 13.7432 13.3231 
-0.973727 0.350531 4.7586 1.43097 2.97256 1.64186 -3.13078 -2.03584 1.95693 -2.39184 -3.87475 1.18574 0.488598 
3.75412 6.53516 5.93299 4.56578 5.91062 9.27164 13.9939 11.8782 6.40731 15.4669 13.7362 13.1393 18.9193 
0.789302 0.210698 
72 14 -1 -1 72 0
2 2 13
0.442845 0.557155 
2.98621 -0.83956 2.82603 2.58435 0.40982 4.18169 -7.1063 -2.57803 1.20228 -3.56086 -5.05415 -1.99493 2.74983 
0.821145 1.52177 1.71009 3.83904 3.1934 4.54941 7.68126 8.96931 3.88015 15.4901 8.48993 8.81086 9.93605 
1.60112 -1.8802 3.22591 5.51173 0.186277 3.29927 -2.69499 -1.82294 -1.2595 -1.37338 -4.88639 -3.24626 2.21669 
1.45832 1.9744 3.62776 3.81669 4.87636 4.68812 4.64771 7.22282 5.08395 9.63156 9.44575 7.80681 12.6807 
0.853223 0.146777 
73 14 -1 -1 73 0
2 2 13
0.636029 0.363971 
3.02136 0.55759 -0.607193 3.3886 1.50374 1.78763 -4.66922 -2.45969 -0.843789 -1.60973 -1.8145 -3.9847 -0.172252 
1.29366 2.26879 3.46584 7.29225 9.29653 8.07034 9.11966 12.1417 9.90926 20.7838 12.8096 11.3655 18.9014 
1.32174 -1.41936 2.86865 4.00348 1.66567 -0.0231585 0.056903 -0.926986 -2.15899 -1.88881 -1.24767 -1.38832 -2.69472 
2.68364 4.07762 5.24775 5.27431 11.607 10.4105 8.11436 13.7183 14.543 12.0543 13.0294 12.5421 15.5257 
0.759879 0.240121 
74 14 -1 14 74 1
2 1 13
0.5 0.5 
0.01 0.01 0.01 0.01 0.01 0.01 0.01 0.01 0.01 0.01 0.01 0.01 0.01 
16 16 16 16 16 16 16 16 16 16 16 16 16 
0.02 0.02 0.02 0.02 0.02 0.02 0.02 0.02 0.02 0.02 0.02 0.02 0.02 
16 16 16 16 16 16 16 16 16 16 16 16 16 
0 
75 15 15 -1 75 1
2 2 13
0.5 0.5 
0.01 0.01 0.01 0.01 0.01 0.01 0.01 0.01 0.01 0.01 0.01 0.01 0.01 
16 16 16 16 16 16 16 16 16 16 16 16 16 
0.02 0.02 0.02 0.02 0.02 0.02 0.02 0.02 0.02 0.02 0.02 0.02 0.02 
16 16 16 16 16 16 16 16 16 16 16 16 16 
0 1 
76 15 -1 -1 76 0
2 2 13
0.385109 0.614891 
4.15302 0.416319 -0.709756 2.01325 1.03491 -4.11465 -4.61617 -0.539549 -0.829293 -0.301851 -4.5827 1.05666 1.52919 
1.35888 1.47311 3.32993 2.4051 3.60653 5.98782 2.71618 4.80465 1.74503 3.81917 3.72205 4.89526 6.02043 
2.02617 -2.57374 3.12605 4.28474 3.05744 -1.70052 0.266114 -0.167868 -0.541978 -3.39966 -3.14378 0.0694913 -2.51727 
2.03312 3.76719 5.78859 5.11758 4.50917 5.39526 6.2079 10.1104 7.02839 7.62801 12.2215 7.33895 16.6947 
0.76891 0.23109 
77 15 -1 -1 77 0
2 2 13
0.641319 0.358681 
2.52824 -6.39737 6.56892 2.10612 2.91959 -0.302249 -0.608619 -0.455105 1.24572 -4.01252 -1.91387 2.09103 -2.8425 
0.565335 2.51063 3.22398 5.79272 3.29934 3.12335 4.69841 7.78358 4.51191 8.96929 6.87811 6.8818 12.2363 
1.8981 -9.48039 5.44207 2.89371 2.54584 1.33992 1.3806 -1.05571 2.82476 -2.94433 -0.745272 2.69591 -2.98797 
0.579686 3.89578 5.8555 6.58892 4.45557 5.47876 4.92788 15.5027 5.95217 11.9016 7.71811 7.13244 12.9844 
0.928528 0.0714719 
78 15 -1 -1 78 0
2 2 13
0.52227 0.47773 
3.3413 1.37726 -1.48229 1.91043 1.09003 -3.73134 -3.57881 -2.69435 -0.264103 0.642989 -4.6115 1.1403 0.0784162 
1.42424 1.5656 2.41024 4.31987 2.25355 4.64291 4.4247 5.90342 1.55236 5.50454 5.75054 9.55667 6.64051 
3.15261 -2.06496 2.76075 2.33341 3.36035 -3.00216 -1.55563 -1.06462 -0.438638 -3.2721 -3.28448 1.11087 -0.576087 
0.736184 2.19704 2.84349 3.70069 2.29204 3.94013 4.96772 9.14193 5.47901 5.65784 6.49296 6.77973 9.55861 
0.798717 0.201283 
79 15 -1 15 79 1
2 1 13
0.5 0.5 
0.01 0.01 0.01 0.01 0.01 0.01 0.01 0.01 0.01 0.01 0.01 0.01 0.01 
16 16 16 16 16 16 16 16 16 16 16 16 16 
0.02 0.02 0.02 0.02 0.02 0.02 0.02 0.02 0.02 0.02 0.02 0.02 0.02 
16 16 16 16 16 16 16 16 16 16 16 16 16 
0 
80 16 16 -1 80 1
2 2 13
0.5 0.5 
0.01 0.01 0.01 0.01 0.01 0.01 0.01 0.01 0.01 0.01 0.01 0.01 0.01 
16 16 16 16 16 16 16 16 16 16 16 16 16 
0.02 0.02 0.02 0.02 0.02 0.02 0.02 0.02 0.02 0.02 0.02 0.02 0.02 
16 16 16 16 16 16 16 16 16 16 16 16 16 
0 1 
81 16 -1 -1 81 0
2 2 13
0.614744 0.385256 
-0.43473 2.91329 2.2061 0.355059 4.99828 -1.64709 3.94781 0.420775 -4.70519 -1.45517 -0.197427 -0.963528 -2.69023 
1.71695 1.77822 4.65954 3.26817 6.23656 7.16023 10.5427 15.8295 9.23926 21.8555 21.6425 16.1456 15.6973 
0.34035 3.08075 1.86094 1.60191 4.76115 -4.77647 8.14997 3.15998 -7.49364 -1.51173 -1.08139 -0.615223 4.70406 
1.13826 0.972354 1.42423 1.16937 3.22852 5.22549 4.8454 8.80337 4.29311 8.34087 12.3011 6.75331 8.9958 
0.792694 0.207306 
82 16 -1 -1 82 0
2 2 13
0.538852 0.461148 
0.390847 1.58215 0.909046 1.7915 6.67556 -2.68018 2.72215 3.78369 -9.06203 4.18417 -0.0327941 -0.124994 -0.626949 
0.663072 1.06376 1.27339 1.3391 1.52499 2.87298 3.40141 8.20578 4.04997 11.3344 10.6718 7.18951 9.26717 
0.507856 1.35423 1.88126 0.786393 2.82543 -1.01172 7.49686 5.43573 -8.45836 1.50064 -7.3713 3.52455 3.80895 
0.939159 1.08238 1.58844 1.55136 4.41663 4.05097 3.34078 7.58082 9.08242 7.37883 13.266 8.93113 11.6459 
0.886603 0.113397 
83 16 -1 -1 83 0
2 2 13
0.175271 0.824729 
1.31607 2.22332 1.5523 0.041459 1.36576 -0.801722 2.59091 1.33756 -3.79464 0.380593 -0.88585 -1.09163 -1.60653 
4.14887 1.24376 8.01772 4.05529 13.7309 7.66605 15.9475 18.0499 11.1175 16.6838 27.1991 12.265 18.2029 
0.247038 2.63347 1.28098 1.52675 6.41216 -4.94225 3.18906 4.03302 -5.83022 -0.791792 2.15916 -2.97496 -0.178846 
0.872437 1.02536 1.26319 1.19613 1.87082 3.33824 4.5828 6.91822 4.59261 10.5961 12.5268 5.27659 10.0779 
0.803095 0.196905 
84 16 -1 16 84 1
2 1 13
0.5 0.5 
0.01 0.01 0.01 0.01 0.01 0.01 0.01 0.01 0.01 0.01 0.01 0.01 0.01 
16 16 16 16 16 16 16 16 16 16 16 16 16 
0.02 0.02 0.02 0.02 0.02 0.02 0.02 0.02 0.02 0.02 0.02 0.02 0.02 
16 16 16 16 16 16 16 16 16 16 16 16 16 
0 
85 17 17 -1 85 1
2 2 13
0.5 0.5 
0.01 0.01 0.01 0.01 0.01 0.01 0.01 0.01 0.01 0.01 0.01 0.01 0.01 
16 16 16 16 16 16 16 16 16 16 16 16 16 
0.02 0.02 0.02 0.02 0.02 0.02 0.02 0.02 0.02 0.02 0.02 0.02 0.02 
16 16 16 16 16 16 16 16 16 16 16 16 16 
0 1 
86 17 -1 -1 86 0
2 2 13
0.462166 0.537834 
0.970177 2.66738 1.25067 0.519028 4.3951 -3.71792 2.62631 -0.937624 -1.28324 0.175327 -4.60052 -2.5977 1.34278 
1.62514 1.63289 6.0499 3.79093 5.33558 8.76033 18.6255 19.2129 9.49695 28.8887 21.2731 12.0648 23.3814 
0.545714 1.79952 2.19296 1.22424 2.39278 -3.84116 5.79879 2.73418 -6.17415 3.24127 -5.78789 3.29953 2.45947 
0.814359 1.21791 2.02497 2.01296 4.01124 7.01968 4.88105 11.9447 7.47703 10.4948 14.2867 7.81542 11.654 
0.790522 0.209478 
87 17 -1 -1 87 0
2 2 13
0.431713 0.568287 
0.518377 2.74046 1.84252 2.0358 5.36966 -5.81778 5.57767 0.163971 -2.84248 0.180772 -3.55887 -2.46745 6.21747 
1.0263 1.21061 1.89685 2.43095 3.41568 8.59826 11.8956 12.1024 6.50648 11.3768 9.77629 8.10585 19.262 
0.311658 2.39114 2.03725 2.29938 4.12499 -6.78688 7.24219 0.554754 -4.47895 1.69148 -5.97165 1.42283 5.83802 
0.761065 1.11541 1.01192 1.31382 1.79666 2.84533 3.22545 6.24428 3.90307 6.29016 7.18246 5.49362 9.6849 
0.870746 0.129254 
88 17 -1 -1 88 0
2 2 13
0.264206 0.735794 
2.02583 1.46158 0.140615 1.07121 2.37692 -1.4245 -0.722293 -0.351182 0.308113 -0.216816 -3.05277 -1.81607 1.35044 
2.05499 3.06441 11.3026 4.22635 7.66462 7.77572 12.9859 18.7177 9.7039 16.5023 10.8067 10.3233 20.122 
-1.72498 3.28848 4.65 1.79581 3.86986 -3.62097 6.66273 0.854302 -2.77092 -0.42051 -4.92651 -0.304546 2.17844 
0.832915 0.910115 2.41034 2.72982 3.24427 6.05401 4.52661 10.6461 6.1791 9.26015 9.80123 12.7681 20.0821 
0.73249 0.26751 
89 17 -1 17 89 1
2 1 13
0.5 0.5 
0.01 0.01 0.01 0.01 0.01 0.01 0.01 0.01 0.01 0.01 0.01 0.01 0.01 
16 16 16 16 16 16 16 16 16 16 16 16 16 
0.02 0.02 0.02 0.02 0.02 0.02 0.02 0.02 0.02 0.02 0.02 0.02 0.02 
16 16 16 16 16 16 16 16 16 16 16 16 16 
0 
90 18 18 -1 90 1
2 2 13
0.5 0.5 
0.01 0.01 0.01 0.01 0.01 0.01 0.01 0.01 0.01 0.01 0.01 0.01 0.01 
16 16 16 16 16 16 16 16 16 16 16 16 16 
0.02 0.02 0.02 0.02 0.02 0.02 0.02 0.02 0.02 0.02 0.02 0.02 0.02 
16 16 16 16 16 16 16 16 16 16 16 16 16 
0 1 
91 18 -1 -1 91 0
2 2 13
0.364716 0.635284 
2.05843 -0.806718 4.07236 2.6828 -1.973 -1.8224 1.47678 3.35037 -1.19049 -4.80805 -0.212171 0.447029 -2.89188 
2.10833 2.37369 7.01645 2.70758 5.71987 5.73747 4.45948 7.86605 4.86171 19.6536 12.6747 9.9405 11.596 
0.509687 2.88594 2.2128 1.37931 4.8822 -6.06974 4.04422 6.31798 -5.42545 -5.46781 2.46186 0.121907 -0.607439 
1.04786 2.12781 1.63962 1.88773 2.32065 3.04124 4.61121 13.4363 7.99584 19.1933 6.94408 7.65698 12.9649 
0.949269 0.0507313 
92 18 -1 -1 92 0
2 2 13
0.539684 0.460316 
3.39636 -3.35027 5.70119 4.86797 -7.48372 0.699051 1.83373 0.310087 -2.06347 0.0293067 -1.0011 -3.97333 1.50542 
0.42429 0.115696 2.32502 0.811406 2.99076 4.1116 1.49164 4.4889 1.77654 13.3696 7.05622 4.8745 7.0341 
2.3604 -0.862966 6.06823 4.47109 -5.51711 0.248688 4.0438 0.0362455 -0.989664 -2.82586 -0.461382 -6.66692 0.376391 
1.21247 0.631098 3.61513 1.36233 2.87697 2.47654 3.05582 7.60704 2.1157 7.90861 6.25975 10.6817 17.3957 
0.890184 0.109816 
93 18 -1 -1 93 0
2 2 13
0.459228 0.540772 
4.00608 -0.0343876 -2.33472 0.67278 -1.61532 -1.49582 -4.16294 4.91496 1.37787 0.095816 -1.61156 -2.54825 -2.30106 
2.72214 1.97654 0.906105 3.1584 2.07581 9.30683 5.3617 11.6576 1.98854 6.17676 3.61187 7.66334 17.3652 
4.5696 -2.0562 0.814169 4.51031 -3.84758 -4.12731 -0.771926 3.84279 -2.32989 -1.88076 1.87409 -3.50563 -1.95498 
1.56785 1.11954 3.05954 2.52033 3.77804 4.07129 8.96172 10.4869 3.60979 10.4072 4.32794 7.0118 7.33338 
0.880661 0.119339 
94 18 -1 18 94 1
2 1 13
0.5 0.5 
0.01 0.01 0.01 0.01 0.01 0.01 0.01 0.01 0.01 0.01 0.01 0.01 0.01 
16 16 16 16 16 16 16 16 16 16 16 16 16 
0.02 0.02 0.02 0.02 0.02 0.02 0.02 0.02 0.02 0.02 0.02 0.02 0.02 
16 16 16 16 16 16 16 16 16 16 16 16 16 
0 
95 19 19 -1 95 1
2 2 13
0.5 0.5 
0.01 0.01 0.01 0.01 0.01 0.01 0.01 0.01 0.01 0.01 0.01 0.01 0.01 
16 16 16 16 16 16 16 16 16 16 16 16 16 
0.02 0.02 0.02 0.02 0.02 0.02 0.02 0.02 0.02 0.02 0.02 0.02 0.02 
16 16 16 16 16 16 16 16 16 16 16 16 16 
0 1 
96 19 -1 -1 96 0
2 2 13
0.505127 0.494873 
4.70387 1.34138 -0.655425 -2.20016 -3.41453 2.02883 -4.16105 -4.67688 -3.03018 4.37452 2.05184 -3.54751 -1.17685 
0.794698 1.1237 3.01152 2.07709 3.95435 4.58512 4.01732 5.22335 5.4511 7.39802 10.2849 5.31907 9.55251 
1.9127 4.09515 -0.165054 -4.21567 -2.28902 1.59176 0.217191 -1.88988 -2.15185 1.94894 2.69992 -1.41063 -4.30058 
1.81496 1.92983 5.56991 2.51848 6.69835 5.20496 7.03929 13.3632 7.96991 15.8776 10.5163 6.37952 15.4023 
0.813153 0.186847 
97 19 -1 -1 97 0
2 2 13
0.533045 0.466955 
4.27866 2.17878 1.51772 -4.28816 -7.22134 3.02544 -0.184645 -2.6073 -4.97578 -0.444957 3.27322 -0.37166 1.27135 
0.783391 1.11686 2.59483 1.21373 4.50852 2.01034 2.89519 8.65663 5.29748 9.43257 8.0303 6.04668 12.0774 
3.11345 3.21766 3.06249 -4.3979 -8.11288 3.01421 1.3464 -1.31725 -2.04462 -3.02905 -0.61676 0.497087 0.880821 
1.80157 1.74746 5.90829 3.00018 12.8543 5.28533 5.35494 11.4895 8.07508 15.3494 9.22168 13.1924 24.3377 
0.856538 0.143462 
98 19 -1 -1 98 0
2 2 13
0.450593 0.549407 
3.75391 1.79108 -0.509924 -1.83367 -2.10215 2.18678 -3.58946 -3.32671 -3.20779 2.66922 2.41528 -3.23468 -1.22283 
2.06164 1.47945 6.14007 4.49679 5.97309 10.3875 7.63711 9.74257 9.6271 11.5221 14.3663 9.0535 10.7942 
-1.08063 3.40014 2.49605 -4.61249 -0.910279 3.12471 4.69071 1.02043 -1.13658 -1.29372 2.64431 0.605297 -2.83029 
2.76682 3.56943 4.89211 3.6191 8.78495 6.52184 7.20312 17.7821 7.48302 16.1498 12.8321 10.9386 19.6273 
0.776895 0.223105 
99 19 -1 19 99 1
2 1 13
0.5 0.5 
0.01 0.01 0.01 0.01 0.01 0.01 0.01 0.01 0.01 0.01 0.01 0.01 0.01 
16 16 16 16 16 16 16 16 16 16 16 16 16 
0.02 0.02 0.02 0.02 0.02 0.02 0.02 0.02 0.02 0.02 0.02 0.02 0.02 
16 16 16 16 16 16 16 16 16 16 16 16 16 
0 
100 20 20 -1 100 1
2 2 13
0.5 0.5 
0.01 0.01 0.01 0.01 0.01 0.01 0.01 0.01 0.01 0.01 0.01 0.01 0.01 
16 16 16 16 16 16 16 16 16 16 16 16 16 
0.02 0.02 0.02 0.02 0.02 0.02 0.02 0.02 0.02 0.02 0.02 0.02 0.02 
16 16 16 16 16 16 16 16 16 16 16 16 16 
0 1 
101 20 -1 -1 101 0
2 2 13
0.552586 0.447414 
5.14388 1.16878 -0.163366 -3.40781 -5.52685 3.03326 -2.77297 -4.52262 -3.77485 4.42422 2.97605 -1.93559 -1.88613 
0.649429 1.01716 1.98467 1.4366 3.30012 3.0752 3.69955 2.84576 3.33139 5.86809 6.83098 5.01199 5.54193 
4.40159 1.54103 -1.20031 -1.39268 -1.93954 0.580504 -3.95935 -3.62144 -1.17407 3.18587 0.368178 -3.62964 -1.14671 
1.38073 2.00892 5.09828 3.84628 3.8086 5.4976 9.20329 12.4241 7.80162 12.4719 10.8622 6.97629 13.0154 
0.840732 0.159268 
102 20 -1 -1 102 0
2 2 13
0.534731 0.465269 
4.32358 2.57034 0.722234 -4.99628 -7.00081 3.70501 0.910404 -3.29564 -0.21773 -1.88073 0.842387 0.796855 -4.31955 
0.835383 1.84576 4.70815 2.67326 7.07747 5.83418 6.49671 8.66243 7.78385 26.6761 8.31223 9.38966 14.3958 
4.59021 1.97816 2.66625 -4.82921 -9.52218 2.88277 0.321337 -1.0202 -3.71492 -1.39289 0.762466 0.143737 2.44736 
0.818682 1.31426 3.35303 0.963427 4.34961 2.36432 1.92326 6.94087 4.89275 5.70426 11.7168 6.4993 9.42211 
0.887293 0.112707 
103 20 -1 -1 103 0
2 2 13
0.586538 0.413462 
4.40773 2.09302 -2.15259 -2.73605 -2.96225 0.570492 -1.75621 -4.92622 -0.665451 2.04595 0.3828 -4.68611 -4.60391 
0.888899 1.42418 3.85859 5.96363 7.51337 5.41114 9.14511 11.1858 8.87222 16.6277 20.9403 11.624 19.0755 
1.81657 3.26897 1.93935 -4.36125 -2.69287 2.94214 2.14906 -1.45913 -2.36559 -1.34165 0.171386 -0.411018 -2.74477 
1.41057 2.52557 5.37811 5.54116 12.5411 8.04961 11.7927 25.6057 10.1829 22.0201 15.9938 8.76234 23.1542 
0.795541 0.204459 
104 20 -1 20 104 1
2 1 13
0.5 0.5 
0.01 0.01 0.01 0.01 0.01 0.01 0.01 0.01 0.01 0.01 0.01 0.01 0.01 
16 16 16 16 16 16 16 16 16 16 16 16 16 
0.02 0.02 0.02 0.02 0.02 0.02 0.02 0.02 0.02 0.02 0.02 0.02 0.02 
16 16 16 16 16 16 16 16 16 16 16 16 16 
0 
105 21 21 -1 105 1
2 2 13
0.5 0.5 
0.01 0.01 0.01 0.01 0.01 0.01 0.01 0.01 0.01 0.01 0.01 0.01 0.01 
16 16 16 16 16 16 16 16 16 16 16 16 16 
0.02 0.02 0.02 0.02 0.02 0.02 0.02 0.02 0.02 0.02 0.02 0.02 0.02 
16 16 16 16 16 16 16 16 16 16 16 16 16 
0 1 
106 21 -1 -1 106 0
2 2 13
0.361037 0.638963 
-4.3661 1.01666 6.46134 -0.0271917 3.39573 -0.639492 -2.07593 -6.60289 -1.84195 -4.87677 0.0476937 2.68797 0.1573 
0.341354 2.42507 2.19817 3.48616 3.7535 5.09802 6.97703 10.969 7.27633 14.1938 10.2122 8.77078 10.0663 
-3.37329 2.20713 4.74194 -0.602351 3.87097 1.57554 2.35296 -1.22131 0.421678 -0.993143 1.05802 0.568533 -2.21394 
1.43752 4.51736 6.12614 4.69979 5.94273 6.90292 10.8831 12.6918 10.0076 16.201 11.5362 10.458 15.4923 
0.854215 0.145785 
107 21 -1 -1 107 0
2 2 13
0.493594 0.506406 
-5.25498 -1.89813 3.92681 -2.05809 2.38841 -0.164807 -1.06957 -4.82153 -0.0832168 -3.33656 0.319477 2.26401 -0.926721 
0.164087 1.04884 1.93301 2.37269 2.48352 4.02515 5.14509 8.19728 5.18939 11.4067 8.21053 7.84656 10.7704 
-5.71399 -3.57041 2.242 -3.0813 2.18846 1.16458 1.30147 -0.952135 2.90327 0.177453 2.78834 3.69828 -0.932252 
0.178402 1.05787 2.05782 2.40868 2.79678 4.30428 5.14023 7.98457 4.07749 8.27893 7.66894 7.37881 10.4891 
0.901303 0.098697 
108 21 -1 -1 108 0
2 2 13
0.566669 0.433331 
1.23679 0.274506 0.846225 -0.542091 1.78281 0.875698 0.499757 -1.46351 2.2495 -0.618715 0.2024 -0.121896 -3.41286 
1.71769 5.05941 3.48742 5.32067 4.62031 6.65162 7.17799 9.96641 5.3022 12.0437 8.89843 6.81895 12.1136 
-0.871299 -2.6514 0.0734422 -1.50615 1.64881 0.990988 1.71718 -0.784936 2.63671 -0.653229 1.71195 2.69249 -2.46533 
3.52488 2.23941 3.35506 3.72489 4.05179 5.0932 5.97439 8.57393 5.18109 7.91524 6.51019 5.0944 9.3011 
0.584799 0.415201 
109 21 -1 21 109 1
2 1 13
0.5 0.5 
0.01 0.01 0.01 0.01 0.01 0.01 0.01 0.01 0.01 0.01 0.01 0.01 0.01 
16 16 16 16 16 16 16 16 16 16 16 16 16 
0.02 0.02 0.02 0.02 0.02 0.02 0.02 0.02 0.02 0.02 0.02 0.02 0.02 
16 16 16 16 16 16 16 16 16 16 16 16 16 
0 
110 22 22 -1 110 1
2 2 13
0.5 0.5 
0.01 0.01 0.01 0.01 0.01 0.01 0.01 0.01 0.01 0.01 0.01 0.01 0.01 
16 16 16 16 16 16 16 16 16 16 16 16 16 
0.02 0.02 0.02 0.02 0.02 0.02 0.02 0.02 0.02 0.02 0.02 0.02 0.02 
16 16 16 16 16 16 16 16 16 16 16 16 16 
0 1 
111 22 -1 -1 111 0
2 2 13
0.58909 0.41091 
4.94262 0.982463 -3.59873 0.44233 -1.19503 -4.15616 -5.26211 0.183972 0.399765 2.65753 -2.05324 -1.52057 3.11869 
0.81136 1.05865 2.03398 5.50337 2.15886 5.46741 4.37111 7.64358 3.88851 12.6063 6.21134 7.51929 9.92192 
2.61786 1.2212 -1.05861 2.8945 1.4711 -3.23831 -1.68044 -1.68262 -1.23502 -2.15299 0.0199619 -2.19428 0.599432 
2.91712 3.47264 5.36418 11.3552 4.85153 11.8632 12.2458 17.6732 10.8605 14.6073 11.2677 10.6683 15.9453 
0.695553 0.304447 
112 22 -1 -1 112 0
2 2 13
0.508242 0.491758 
3.52729 3.15378 -5.01006 1.56034 0.973832 -3.56601 -3.50732 -3.03736 -0.77581 3.53455 -2.33428 -2.44463 1.58767 
0.978689 1.37224 2.51849 4.9661 4.27774 4.59897 5.84796 11.5941 5.14824 17.0566 9.15428 7.01783 15.8265 
-0.0658665 1.87597 -0.637274 1.92465 4.41366 -1.56518 -0.566341 -3.08368 0.596548 0.442412 -1.5064 -1.50095 0.755463 
2.89071 3.572 7.91565 5.87393 7.93676 7.34669 7.66304 16.3478 8.06158 17.1344 10.1598 10.8787 18.7411 
0.803451 0.196549 
113 22 -1 -1 113 0
2 2 13
0.585147 0.414853 
1.92549 4.65975 -3.83722 -1.34096 2.37577 -2.26175 0.0458872 -4.68772 -0.50635 2.26718 -0.0311297 -2.20024 -2.50214 
3.67108 2.62657 5.89649 4.80061 10.4917 12.3271 11.2221 22.017 10.9183 14.3012 11.8915 10.9779 16.8501 
-0.137123 -0.151341 0.832063 1.5022 2.17973 -0.236617 -0.384594 -2.01823 0.596486 -2.19382 -0.339446 1.27472 -1.77328 
5.03797 6.67663 12.7454 7.12533 11.0444 9.53927 9.02287 16.7416 9.08862 14.3189 9.72788 9.6851 18.4971 
0.769241 0.230759 
114 22 -1 22 114 1
2 1 13
0.5 0.5 
0.01 0.01 0.01 0.01 0.01 0.01 0.01 0.01 0.01 0.01 0.01 0.01 0.01 
16 16 16 16 16 16 16 16 16 16 16 16 16 
0.02 0.02 0.02 0.02 0.02 0.02 0.02 0.02 0.02 0.02 0.02 0.02 0.02 
16 16 16 16 16 16 16 16 16 16 16 16 16 
0 
115 23 23 -1 115 1
2 2 13
0.5 0.5 
0.01 0.01 0.01 0.01 0.01 0.01 0.01 0.01 0.01 0.01 0.01 0.01 0.01 
16 16 16 16 16 16 16 16 16 16 16 16 16 
0.02 0.02 0.02 0.02 0.02 0.02 0.02 0.02 0.02 0.02 0.02 0.02 0.02 
16 16 16 16 16 16 16 16 16 16 16 16 16 
0 1 
116 23 -1 -1 116 0
2 2 13
0.419936 0.580064 
4.11244 2.08083 -4.19838 0.308706 0.561653 -3.74044 -4.34067 -1.0799 -1.11456 6.36051 -3.41329 -2.51109 2.85847 
1.33896 1.57808 2.22774 3.38932 4.15892 3.68694 4.88984 8.53504 5.25717 11.4658 9.15989 8.29879 11.8856 
0.625533 0.146671 -1.80659 0.414539 2.2007 -1.03716 0.231783 -2.62328 1.67148 1.23824 -1.00792 0.324977 -1.48557 
3.47385 7.01689 7.96753 4.29229 6.80424 5.74877 6.8307 12.8587 7.73315 14.7382 9.55476 11.1199 11.7647 
0.899782 0.100218 
117 23 -1 -1 117 0
2 2 13
0.491456 0.508544 
3.03931 4.07766 -5.52855 -0.397878 3.25943 -3.55275 -2.34766 -2.33121 -2.89363 5.06129 -0.713756 -3.04413 0.205768 
1.10354 2.15632 2.16751 4.7432 4.39294 4.00779 5.61024 7.14243 5.97175 13.4315 8.20475 6.10329 9.99029 
0.166926 3.02355 -1.86702 -1.41643 5.19074 0.703448 -0.53379 -4.46661 -0.243614 -0.257476 0.930318 -0.272914 -2.97518 
3.72142 6.33553 9.91521 7.42569 6.27829 11.8112 9.89028 18.573 10.8436 15.5233 11.1632 9.13463 15.1261 
0.906812 0.0931877 
118 23 -1 -1 118 0
2 2 13
0.618738 0.381262 
4.45219 2.49271 -5.87751 0.724366 0.395374 -4.59736 -5.12616 1.7554 -3.1197 6.15803 -3.35063 -2.36066 1.9241 
0.787949 1.78858 2.17068 4.41658 3.36761 2.72641 6.13991 7.056 3.92852 13.508 4.46694 7.25574 7.23904 
2.33471 1.2174 -1.97389 3.52533 3.16684 -3.61237 -2.81622 1.20162 -2.77858 -1.43873 -1.64022 -1.40901 0.0274116 
1.47166 3.51351 3.39415 7.7686 5.62618 8.20528 7.00508 12.5824 14.6257 14.9771 8.30199 6.0996 9.33889 
0.806774 0.193226 
119 23 -1 23 119 1
2 1 13
0.5 0.5 
0.01 0.01 0.01 0.01 0.01 0.01 0.01 0.01 0.01 0.01 0.01 0.01 0.01 
16 16 16 16 16 16 16 16 16 16 16 16 16 
0.02 0.02 0.02 0.02 0.02 0.02 0.02 0.02 0.02 0.02 0.02 0.02 0.02 
16 16 16 16 16 16 16 16 16 16 16 16 16 
0 
120 24 24 -1 120 1
2 2 13
0.5 0.5 
0.01 0.01 0.01 0.01 0.01 0.01 0.01 0.01 0.01 0.01 0.01 0.01 0.01 
16 16 16 16 16 16 16 16 16 16 16 16 16 
0.02 0.02 0.02 0.02 0.02 0.02 0.02 0.02 0.02 0.02 0.02 0.02 0.02 
16 16 16 16 16 16 16 16 16 16 16 16 16 
0 1 
121 24 -1 -1 121 0
2 2 13
0.55483 0.44517 
0.851539 -1.31591 2.72137 -0.588938 2.22411 0.963071 1.8797 -0.0501239 1.1304 0.31734 -0.788601 -0.136194 -1.85562 
2.80211 5.89402 7.33791 5.43764 8.34982 14.9083 12.4547 14.7619 5.92633 12.8869 13.9146 12.6411 19.6418 
1.64886 -6.08716 4.60435 -1.68051 3.7619 -0.850136 1.62823 -0.721285 1.87579 -3.76653 -0.457253 2.20169 -1.81486 
0.599674 3.55612 5.23192 4.56589 4.78961 8.36593 11.1791 14.7001 8.64588 12.6471 9.43768 9.89817 12.8181 
0.77984 0.22016 
122 24 -1 -1 122 0
2 2 13
0.315251 0.684749 
0.239052 -8.67125 3.56154 -3.54773 1.62413 3.84682 -0.921879 2.41954 3.12885 -1.02238 2.72028 0.709363 -1.26998 
1.74904 9.13294 4.67206 5.14568 4.05817 8.7561 8.52506 13.1814 6.36854 13.2593 11.0636 8.893 13.8929 
0.660609 -9.49146 3.6076 -4.68827 2.94335 -0.295586 2.29023 0.462062 3.41904 -1.71217 1.51758 2.77386 -0.859226 
0.775221 1.37567 2.78756 2.41797 3.54598 7.28228 9.46382 11.5116 5.36608 10.7251 8.77556 8.47402 11.7185 
0.908487 0.0915128 
123 24 -1 -1 123 0
2 2 13
0.307514 0.692486 
-0.261167 -2.1436 1.49932 -1.54683 2.46734 1.47138 1.58691 1.09177 1.69156 0.0609816 -0.449025 0.698542 -0.933653 
3.31598 8.22541 8.46503 12.5407 10.1829 20.951 14.384 26.4572 8.85514 18.7324 17.2997 12.8533 22.025 
0.334764 -6.14792 1.56022 -1.95149 2.37011 -1.00059 2.38752 -0.392419 3.45137 -0.958164 1.33314 2.93694 -1.14143 
2.46398 4.11288 3.16646 4.24561 4.59865 9.2219 10.169 10.9994 5.9367 11.2888 10.734 9.71716 15.4348 
0.76416 0.23584 
124 24 -1 24 124 1
2 1 13
0.5 0.5 
0.01 0.01 0.01 0.01 0.01 0.01 0.01 0.01 0.01 0.01 0.01 0.01 0.01 
16 16 16 16 16 16 16 16 16 16 16 16 16 
0.02 0.02 0.02 0.02 0.02 0.02 0.02 0.02 0.02 0.02 0.02 0.02 0.02 
16 16 16 16 16 16 16 16 16 16 16 16 16 
0 
125 25 25 -1 125 1
2 2 13
0.5 0.5 
0.01 0.01 0.01 0.01 0.01 0.01 0.01 0.01 0.01 0.01 0.01 0.01 0.01 
16 16 16 16 16 16 16 16 16 16 16 16 16 
0.02 0.02 0.02 0.02 0.02 0.02 0.02 0.02 0.02 0.02 0.02 0.02 0.02 
16 16 16 16 16 16 16 16 16 16 16 16 16 
0 1 
126 25 -1 -1 126 0
2 2 13
0.432348 0.567652 
-4.29405 -1.56527 3.55153 -1.74558 2.09172 -1.51773 -1.15643 -4.64372 -0.364572 -1.97892 -0.00398949 2.07435 -0.0383527 
1.40158 6.4248 6.10274 5.60778 6.3303 11.8957 13.0284 21.0832 14.6016 23.5441 13.9274 10.3495 20.7004 
-5.78966 -3.9954 2.04048 -3.15704 2.16892 1.00486 1.05958 -1.24019 2.80361 0.278179 2.62832 3.71475 -0.93232 
0.170115 1.11327 1.82312 2.19961 2.52504 3.89923 4.94306 8.57189 4.61436 8.95413 8.17231 7.02386 10.5287 
0.953533 0.0464672 
127 25 -1 25 127 1
2 1 13
0.5 0.5 
0.01 0.01 0.01 0.01 0.01 0.01 0.01 0.01 0.01 0.01 0.01 0.01 0.01 
16 16 16 16 16 16 16 16 16 16 16 16 16 
0.02 0.02 0.02 0.02 0.02 0.02 0.02 0.02 0.02 0.02 0.02 0.02 0.02 
16 16 16 16 16 16 16 16 16 16 16 16 16 
0 
128 26 26 -1 128 1
2 2 13
0.5 0.5 
0.01 0.01 0.01 0.01 0.01 0.01 0.01 0.01 0.01 0.01 0.01 0.01 0.01 
16 16 16 16 16 16 16 16 16 16 16 16 16 
0.02 0.02 0.02 0.02 0.02 0.02 0.02 0.02 0.02 0.02 0.02 0.02 0.02 
16 16 16 16 16 16 16 16 16 16 16 16 16 
0 1 
129 26 -1 -1 129 0
2 2 13
0.320043 0.679957 
-4.59405 -0.372706 5.92867 -0.117962 3.17188 -0.678526 -2.17738 -7.19139 -2.24014 -5.30275 -0.691321 2.29091 -0.225941 
0.469946 2.99822 2.83776 3.37267 2.77312 4.31465 5.14081 10.2827 6.38089 11.8456 8.01234 6.95576 10.8702 
-3.67655 -0.894046 5.38769 0.600817 4.26678 1.36719 1.74872 -1.17538 1.20251 -1.25226 0.33032 1.91099 -1.21542 
1.63113 8.33923 5.54842 5.2182 5.98481 10.1257 10.4412 15.4972 6.98293 11.8808 10.5504 8.84175 13.564 
0.832169 0.167831 
130 26 -1 -1 130 0
2 2 13
0.494868 0.505132 
-5.40746 -2.7681 3.48142 -2.05162 2.59128 0.553002 -0.0859903 -3.6625 0.551471 -2.76084 0.67464 2.68007 -0.739299 
0.277516 1.52889 1.92628 2.22443 2.68553 4.32968 4.78744 7.95516 4.36136 8.61794 7.21169 7.24591 10.4492 
-5.78454 -4.08091 1.84721 -3.30762 2.10751 1.34913 1.56075 -0.456439 3.22562 0.632084 3.07889 3.84393 -0.943907 
0.183772 1.09698 1.83177 2.28347 2.60552 3.7008 4.74293 7.16508 3.61683 7.80262 6.9325 6.84515 10.4873 
0.886959 0.113041 
131 26 -1 -1 131 0
2 2 13
0.50644 0.49356 
0.996604 -3.23334 0.502353 -0.850255 0.529831 0.224523 0.157666 -0.755203 2.6907 -0.764027 0.488155 2.11328 -1.16749 
2.97585 6.44161 7.45101 3.91043 9.56118 15.2896 13.4679 12.1618 5.90621 13.725 12.5726 11.7917 21.2194 
1.07888 -3.57473 -0.790342 -3.07022 0.531828 -1.22217 2.1892 -0.161791 2.47032 -2.13584 0.869459 3.78281 -2.14375 
3.15295 2.5084 3.19991 2.39012 3.05037 5.5944 5.0944 7.12515 3.88268 6.92722 6.31778 5.4674 9.09472 
0.75939 0.24061 
132 26 -1 26 132 1
2 1 13
0.5 0.5 
0.01 0.01 0.01 0.01 0.01 0.01 0.01 0.01 0.01 0.01 0.01 0.01 0.01 
16 16 16 16 16 16 16 16 16 16 16 16 16 
0.02 0.02 0.02 0.02 0.02 0.02 0.02 0.02 0.02 0.02 0.02 0.02 0.02 
16 16 16 16 16 16 16 16 16 16 16 16 16 
0 
133 27 27 -1 133 1
2 2 13
0.5 0.5 
0.01 0.01 0.01 0.01 0.01 0.01 0.01 0.01 0.01 0.01 0.01 0.01 0.01 
16 16 16 16 16 16 16 16 16 16 16 16 16 
0.02 0.02 0.02 0.02 0.02 0.02 0.02 0.02 0.02 0.02 0.02 0.02 0.02 
16 16 16 16 16 16 16 16 16 16 16 16 16 
0 1 
134 27 -1 -1 134 0
2 2 13
0.338019 0.661981 
0.867031 -2.5644 6.13551 -1.17793 4.44511 1.34833 -0.107831 -0.175491 2.97323 -1.0749 -2.14694 -0.947612 -0.134694 
1.0183 9.15996 10.1647 3.625 4.85282 10.2982 10.6071 12.7159 5.00684 14.2239 17.9426 10.508 18.05 
1.55341 -6.23418 4.1292 -1.88077 3.91829 -1.3958 3.75827 -0.175974 2.46778 -2.86977 0.960492 2.32813 -2.71167 
0.455981 3.25047 3.66821 4.18936 4.14412 6.6163 6.98585 12.8612 6.57029 13.0719 9.25432 8.71548 11.2309 
0.799007 0.200993 
135 27 -1 -1 135 0
2 2 13
0.447797 0.552203 
1.08247 -9.61816 4.33786 -4.04407 2.83659 1.06334 0.394203 2.35368 2.66117 -2.51872 0.946673 2.33625 -0.862666 
0.526285 1.93199 2.44459 3.39408 4.30405 8.03622 7.85218 14.0606 5.39171 10.7322 9.81107 10.0995 13.4201 
0.635246 -9.71484 2.98973 -4.76587 2.87423 -1.57386 3.66971 0.34951 3.94876 -2.07882 2.10802 3.75039 -1.19507 
0.331268 1.10823 1.9862 2.42424 3.41406 4.40355 5.8042 11.0268 4.74419 10.3274 7.89822 8.18014 11.1255 
0.941123 0.0588775 
136 27 -1 -1 136 0
2 2 13
0.326428 0.673572 
0.652178 -3.55003 1.33907 -1.28538 2.66491 -0.745184 0.711992 -0.34962 3.16693 -0.486335 -0.453808 1.77067 -0.276934 
1.80212 7.49111 3.0258 3.66809 4.53189 11.8463 8.96503 13.2516 6.19089 12.6839 11.4922 11.944 18.4136 
1.25856 -6.90414 2.19351 -1.47139 2.30784 -3.21141 3.74692 1.3698 1.7798 -2.41163 2.21311 3.27493 -2.74881 
0.623521 2.25322 2.80929 6.42533 4.14761 5.38575 7.6259 14.3824 8.54834 13.4972 9.34669 9.15482 12.7652 
0.810746 0.189254 
137 27 -1 27 137 1
2 1 13
0.5 0.5 
0.01 0.01 0.01 0.01 0.01 0.01 0.01 0.01 0.01 0.01 0.01 0.01 0.01 
16 16 16 16 16 16 16 16 16 16 16 16 16 
0.02 0.02 0.02 0.02 0.02 0.02 0.02 0.02 0.02 0.02 0.02 0.02 0.02 
16 16 16 16 16 16 16 16 16 16 16 16 16 
0 
138 28 28 -1 138 1
2 2 13
0.5 0.5 
0.01 0.01 0.01 0.01 0.01 0.01 0.01 0.01 0.01 0.01 0.01 0.01 0.01 
16 16 16 16 16 16 16 16 16 16 16 16 16 
0.02 0.02 0.02 0.02 0.02 0.02 0.02 0.02 0.02 0.02 0.02 0.02 0.02 
16 16 16 16 16 16 16 16 16 16 16 16 16 
0 1 
139 28 -1 -1 139 0
2 2 13
0.586046 0.413954 
2.48993 2.6628 1.58482 -0.840736 -1.24775 4.41856 -1.2616 -2.54284 -6.06326 -1.84447 3.7504 -4.71922 0.0722521 
0.908859 1.48264 3.09445 2.24439 4.54973 3.22013 6.03874 10.7894 6.81462 15.5442 9.52867 6.18834 13.3665 
2.45704 3.05718 1.35856 -3.40984 -3.5619 2.92432 1.33963 -2.61243 -1.30987 -1.32424 1.04761 -0.414055 -2.02883 
5.42726 2.40509 8.60222 8.26741 20.5228 8.23447 4.64751 15.7623 11.1818 18.4283 8.36388 8.19325 14.8514 
0.789767 0.210233 
140 28 -1 -1 140 0
2 2 13
0.622211 0.377789 
1.63802 4.47309 5.67398 -2.80046 -5.91343 1.42984 0.982323 3.522 -3.48519 -5.31516 -0.364482 -5.645 3.40885 
1.21004 1.28402 4.95902 1.74058 5.05304 4.85589 3.94043 10.1705 11.7034 11.9835 11.7557 11.8401 12.8967 
1.11298 4.27044 4.52875 -1.71727 -3.46827 -1.5429 0.957933 3.10984 -2.50674 -0.0810629 -0.584878 -2.80084 0.780261 
2.11185 2.33453 9.25539 4.14168 8.68259 15.0815 8.99358 24.1652 11.8757 13.3183 10.1322 11.3834 13.5099 
0.861884 0.138116 
141 28 -1 -1 141 0
2 2 13
0.536527 0.463473 
2.05332 5.01626 0.0672582 -0.999568 -0.416549 -1.93586 5.16946 -2.87959 -4.26914 -2.90575 0.11467 0.537947 -0.300079 
0.93252 2.59862 6.19581 2.66223 8.59439 9.34298 6.08194 21.7092 6.83047 21.8275 9.01513 9.13512 15.1093 
1.45862 2.93582 1.18656 -0.461267 0.963128 3.46686 0.177822 -2.05401 -3.31238 -2.84001 1.15654 -3.383 -0.877326 
3.70729 3.07716 8.23913 10.21 8.42468 12.5583 16.3228 19.9203 9.57737 22.2504 20.0783 20.845 15.8197 
0.750396 0.249604 
142 28 -1 28 142 1
2 1 13
0.5 0.5 
0.01 0.01 0.01 0.01 0.01 0.01 0.01 0.01 0.01 0.01 0.01 0.01 0.01 
16 16 16 16 16 16 16 16 16 16 16 16 16 
0.02 0.02 0.02 0.02 0.02 0.02 0.02 0.02 0.02 0.02 0.02 0.02 0.02 
16 16 16 16 16 16 16 16 16 16 16 16 16 
0 
143 29 29 -1 143 1
2 2 13
0.5 0.5 
0.01 0.01 0.01 0.01 0.01 0.01 0.01 0.01 0.01 0.01 0.01 0.01 0.01 
16 16 16 16 16 16 16 16 16 16 16 16 16 
0.02 0.02 0.02 0.02 0.02 0.02 0.02 0.02 0.02 0.02 0.02 0.02 0.02 
16 16 16 16 16 16 16 16 16 16 16 16 16 
0 1 
144 29 -1 -1 144 0
2 2 13
0.340054 0.659946 
4.21432 2.20928 -0.378475 -4.32315 -4.52651 2.71952 -1.07493 -3.36034 -3.34357 2.71979 2.53299 -2.33368 -1.27724 
2.05523 2.31013 4.20532 4.73135 11.0875 5.27405 6.13858 4.0105 9.4064 17.1876 6.1278 9.56093 10.6701 
0.243562 5.51896 6.97528 -2.25873 -5.65767 -0.452048 -1.73373 3.79568 -1.65037 -1.90331 0.198604 -5.40369 0.257462 
2.81073 1.25299 3.85255 2.37301 9.53654 4.15638 5.2869 11.2614 6.25553 7.9573 9.03857 11.684 12.6153 
0.834266 0.165734 
145 29 -1 -1 145 0
2 2 13
0.485153 0.514847 
2.01081 4.38982 5.58052 -3.68259 -7.33549 1.49908 1.10291 3.32605 -4.44678 -3.7321 -2.20003 -4.62233 4.34177 
2.0423 2.10572 2.51053 1.29681 6.93916 2.67036 3.70702 8.76327 8.18334 6.40835 6.57675 10.1111 9.04309 
2.92241 3.78676 2.58122 -3.43782 -5.30929 2.99203 0.364195 -0.0885858 -7.0259 -3.70435 2.76171 -2.63468 3.48056 
1.60227 1.43889 3.35051 2.8608 9.23176 3.15478 4.90654 9.61092 6.82553 14.7747 9.10428 6.49486 12.2856 
0.881995 0.118005 
146 29 -1 -1 146 0
2 2 13
0.691381 0.308619 
4.94434 2.05498 -1.86534 -3.83476 -3.8283 1.56898 -3.81923 -1.12498 -3.92602 3.49932 5.27179 -4.93256 -1.81383 
1.00515 1.41891 3.80471 3.68221 8.93266 3.68555 12.2041 7.72729 9.33726 13.4 10.4484 7.3197 12.0051 
1.75176 3.3045 1.14714 -0.514121 0.0491065 3.24193 -1.09994 -3.48757 -5.33884 -1.4773 2.69268 -4.12068 -0.518129 
3.04252 2.18851 6.59367 4.89995 5.93564 10.9878 17.4447 13.2712 10.6563 13.6519 16.1736 14.3117 12.7848 
0.783122 0.216878 
147 29 -1 29 147 1
2 1 13
0.5 0.5 
0.01 0.01 0.01 0.01 0.01 0.01 0.01 0.01 0.01 0.01 0.01 0.01 0.01 
16 16 16 16 16 16 16 16 16 16 16 16 16 
0.02 0.02 0.02 0.02 0.02 0.02 0.02 0.02 0.02 0.02 0.02 0.02 0.02 
16 16 16 16 16 16 16 16 16 16 16 16 16 
0 
148 30 30 -1 148 1
2 2 13
0.5 0.5 
0.01 0.01 0.01 0.01 0.01 0.01 0.01 0.01 0.01 0.01 0.01 0.01 0.01 
16 16 16 16 16 16 16 16 16 16 16 16 16 
0.02 0.02 0.02 0.02 0.02 0.02 0.02 0.02 0.02 0.02 0.02 0.02 0.02 
16 16 16 16 16 16 16 16 16 16 16 16 16 
0 1 
149 30 -1 -1 149 0
2 2 13
0.686068 0.313932 
3.11773 2.45841 3.25353 -1.65543 -2.99682 4.06936 1.31536 -2.22221 -5.16056 -4.64349 2.81894 -5.33989 1.28327 
0.766632 1.40736 1.65493 1.3172 4.69226 6.51089 7.9444 13.3396 8.67195 13.9988 14.0832 6.56691 16.8528 
1.63113 3.53375 1.46668 -1.04518 -0.482642 2.19552 1.87577 -4.59811 -2.96311 -4.00582 1.51706 -2.6365 -2.75841 
4.41358 2.44889 9.94988 6.35909 6.99967 12.4878 7.95144 31.6516 13.4066 16.3059 13.7099 11.2169 11.9246 
0.808713 0.191287 
150 30 -1 -1 150 0
2 2 13
0.466782 0.533218 
2.49336 3.09302 6.37301 -1.83626 -6.63687 1.57615 0.0831447 -0.364058 -2.63873 -5.4135 -0.0205824 -5.96612 3.6704 
0.892763 0.670977 7.32068 2.29486 6.86764 7.98336 8.92977 16.0787 16.638 17.5156 14.0382 7.08402 34.7274 
1.43376 4.39512 7.11113 -2.79721 -6.80763 1.38096 0.616509 4.73914 -2.61994 -3.71939 -2.17986 -6.99646 2.46845 
1.71112 1.64734 2.13719 1.4976 5.43322 4.40828 4.15424 5.97553 10.7194 11.3667 8.22574 9.40015 12.8411 
0.89172 0.10828 
151 30 -1 -1 151 0
2 2 13
0.577242 0.422758 
1.85314 3.8978 2.18135 -2.19241 -0.514331 1.19566 4.2136 -5.7473 -3.46604 -5.8877 -2.53085 -2.36951 -1.75198 
2.54966 3.21802 7.70737 5.76901 12.1555 11.8168 19.1339 15.7273 11.5093 24.889 43.5257 15.8208 24.0704 
-0.144767 4.06556 5.81211 -2.96452 -2.94048 -0.153935 1.91645 1.73548 -0.376195 -2.7617 -2.54894 -1.67993 -2.29405 
4.46724 3.59909 6.4671 5.88426 7.36192 17.0717 10.2676 15.6107 7.79759 24.6989 10.8635 12.3755 21.0807 
0.878114 0.121886 
152 30 -1 30 152 1
2 1 13
0.5 0.5 
0.01 0.01 0.01 0.01 0.01 0.01 0.01 0.01 0.01 0.01 0.01 0.01 0.01 
16 16 16 16 16 16 16 16 16 16 16 16 16 
0.02 0.02 0.02 0.02 0.02 0.02 0.02 0.02 0.02 0.02 0.02 0.02 0.02 
16 16 16 16 16 16 16 16 16 16 16 16 16 
0 
153 31 31 -1 153 1
2 2 13
0.5 0.5 
0.01 0.01 0.01 0.01 0.01 0.01 0.01 0.01 0.01 0.01 0.01 0.01 0.01 
16 16 16 16 16 16 16 16 16 16 16 16 16 
0.02 0.02 0.02 0.02 0.02 0.02 0.02 0.02 0.02 0.02 0.02 0.02 0.02 
16 16 16 16 16 16 16 16 16 16 16 16 16 
0 1 
154 31 -1 -1 154 0
2 2 13
0.569802 0.430198 
0.70324 -7.10568 3.30642 0.439042 -0.819717 -0.12953 4.42038 -1.14175 1.43512 1.23544 0.382679 4.04538 -3.9429 
0.872902 3.96208 6.56813 3.08135 4.00145 10.2624 5.60774 12.9898 5.96529 10.9952 10.2145 8.35365 12.2229 
0.995683 -4.12743 -1.08649 -1.19204 3.32711 -0.508646 1.56122 3.62755 1.76602 0.714484 0.0765178 3.84374 -2.6857 
1.19323 3.42366 6.12188 6.72991 5.50051 9.45841 8.9826 13.6062 6.1447 12.5223 12.6005 11.4501 14.2808 
0.929413 0.0705868 
155 31 -1 -1 155 0
2 2 13
0.457641 0.542359 
0.23662 -3.47698 -0.967718 -4.03997 3.33983 4.49884 0.361415 0.381884 1.23226 3.56621 1.1448 1.70864 -1.47677 
0.893642 2.64085 9.70542 14.2304 6.07328 23.7709 10.2721 16.2178 8.92756 17 13.7357 10.8798 17.2047 
-0.276628 -1.10272 0.902407 -9.2554 -1.2677 6.3884 3.83088 3.53709 -1.28589 -0.12214 1.81604 2.63894 2.42945 
1.07919 2.48329 6.20881 8.13829 6.75225 8.08086 7.38278 15.5273 7.41025 10.9151 11.1592 9.43246 17.351 
0.833517 0.166483 
156 31 -1 -1 156 0
2 2 13
0.688998 0.311002 
-1.11311 1.16973 2.1726 -7.50411 -3.2634 3.06854 2.54496 7.27915 0.948172 0.860788 0.646247 -0.0533347 1.06047 
1.85883 3.25555 4.27519 5.75337 5.32246 6.74316 8.3599 10.1499 7.97298 14.3622 11.0727 9.51339 13.6695 
1.01758 -2.84682 2.49773 1.56778 1.27453 -2.71028 3.37306 3.22312 -0.136764 0.830705 -0.463099 0.0743928 -2.18809 
1.25094 6.54166 5.42879 6.6153 4.51869 9.9023 7.85004 14.3009 4.46654 6.77118 8.94928 9.88245 14.436 
0.746558 0.253442 
157 31 -1 31 157 1
2 1 13
0.5 0.5 
0.01 0.01 0.01 0.01 0.01 0.01 0.01 0.01 0.01 0.01 0.01 0.01 0.01 
16 16 16 16 16 16 16 16 16 16 16 16 16 
0.02 0.02 0.02 0.02 0.02 0.02 0.02 0.02 0.02 0.02 0.02 0.02 0.02 
16 16 16 16 16 16 16 16 16 16 16 16 16 
0 
32 32
0.00625 0.00625 0.00625 0.00625 0.00625 0.00625 0.00625 0.00625 0.00625 0.00625 0.00625 0.00625 0.00625 0.00625 0.00625 0.00625 0.00625 0.00625 0.00625 0.00625 0.00625 0.00625 0.00625 0.00625 0.00625 0.00625 0.00625 0.00625 0.00625 0.00625 0.00625 0.00625 
0.00625 0.00625 0.00625 0.00625 0.00625 0.00625 0.00625 0.00625 0.00625 0.00625 0.00625 0.00625 0.00625 0.00625 0.00625 0.00625 0.00625 0.00625 0.00625 0.00625 0.00625 0.00625 0.00625 0.00625 0.00625 0.00625 0.00625 0.00625 0.00625 0.00625 0.00625 0.00625 
0.00625 0.00625 0.00625 0.00625 0.00625 0.00625 0.00625 0.00625 0.00625 0.00625 0.00625 0.00625 0.00625 0.00625 0.00625 0.00625 0.00625 0.00625 0.00625 0.00625 0.00625 0.00625 0.00625 0.00625 0.00625 0.00625 0.00625 0.00625 0.00625 0.00625 0.00625 0.00625 
0.00625 0.00625 0.00625 0.00625 0.00625 0.00625 0.00625 0.00625 0.00625 0.00625 0.00625 0.00625 0.00625 0.00625 0.00625 0.00625 0.00625 0.00625 0.00625 0.00625 0.00625 0.00625 0.00625 0.00625 0.00625 0.00625 0.00625 0.00625 0.00625 0.00625 0.00625 0.00625 
0.00625 0.00625 0.00625 0.00625 0.00625 0.00625 0.00625 0.00625 0.00625 0.00625 0.00625 0.00625 0.00625 0.00625 0.00625 0.00625 0.00625 0.00625 0.00625 0.00625 0.00625 0.00625 0.00625 0.00625 0.00625 0.00625 0.00625 0.00625 0.00625 0.00625 0.00625 0.00625 
0.00625 0.00625 0.00625 0.00625 0.00625 0.00625 0.00625 0.00625 0.00625 0.00625 0.00625 0.00625 0.00625 0.00625 0.00625 0.00625 0.00625 0.00625 0.00625 0.00625 0.00625 0.00625 0.00625 0.00625 0.00625 0.00625 0.00625 0.00625 0.00625 0.00625 0.00625 0.00625 
0.00625 0.00625 0.00625 0.00625 0.00625 0.00625 0.00625 0.00625 0.00625 0.00625 0.00625 0.00625 0.00625 0.00625 0.00625 0.00625 0.00625 0.00625 0.00625 0.00625 0.00625 0.00625 0.00625 0.00625 0.00625 0.00625 0.00625 0.00625 0.00625 0.00625 0.00625 0.00625 
0.00625 0.00625 0.00625 0.00625 0.00625 0.00625 0.00625 0.00625 0.00625 0.00625 0.00625 0.00625 0.00625 0.00625 0.00625 0.00625 0.00625 0.00625 0.00625 0.00625 0.00625 0.00625 0.00625 0.00625 0.00625 0.00625 0.00625 0.00625 0.00625 0.00625 0.00625 0.00625 
0.00625 0.00625 0.00625 0.00625 0.00625 0.00625 0.00625 0.00625 0.00625 0.00625 0.00625 0.00625 0.00625 0.00625 0.00625 0.00625 0.00625 0.00625 0.00625 0.00625 0.00625 0.00625 0.00625 0.00625 0.00625 0.00625 0.00625 0.00625 0.00625 0.00625 0.00625 0.00625 
0.00625 0.00625 0.00625 0.00625 0.00625 0.00625 0.00625 0.00625 0.00625 0.00625 0.00625 0.00625 0.00625 0.00625 0.00625 0.00625 0.00625 0.00625 0.00625 0.00625 0.00625 0.00625 0.00625 0.00625 0.00625 0.00625 0.00625 0.00625 0.00625 0.00625 0.00625 0.00625 
0.00625 0.00625 0.00625 0.00625 0.00625 0.00625 0.00625 0.00625 0.00625 0.00625 0.00625 0.00625 0.00625 0.00625 0.00625 0.00625 0.00625 0.00625 0.00625 0.00625 0.00625 0.00625 0.00625 0.00625 0.00625 0.00625 0.00625 0.00625 0.00625 0.00625 0.00625 0.00625 
0.00625 0.00625 0.00625 0.00625 0.00625 0.00625 0.00625 0.00625 0.00625 0.00625 0.00625 0.00625 0.00625 0.00625 0.00625 0.00625 0.00625 0.00625 0.00625 0.00625 0.00625 0.00625 0.00625 0.00625 0.00625 0.00625 0.00625 0.00625 0.00625 0.00625 0.00625 0.00625 
0.00625 0.00625 0.00625 0.00625 0.00625 0.00625 0.00625 0.00625 0.00625 0.00625 0.00625 0.00625 0.00625 0.00625 0.00625 0.00625 0.00625 0.00625 0.00625 0.00625 0.00625 0.00625 0.00625 0.00625 0.00625 0.00625 0.00625 0.00625 0.00625 0.00625 0.00625 0.00625 
0.00625 0.00625 0.00625 0.00625 0.00625 0.00625 0.00625 0.00625 0.00625 0.00625 0.00625 0.00625 0.00625 0.00625 0.00625 0.00625 0.00625 0.00625 0.00625 0.00625 0.00625 0.00625 0.00625 0.00625 0.00625 0.00625 0.00625 0.00625 0.00625 0.00625 0.00625 0.00625 
0.00625 0.00625 0.00625 0.00625 0.00625 0.00625 0.00625 0.00625 0.00625 0.00625 0.00625 0.00625 0.00625 0.00625 0.00625 0.00625 0.00625 0.00625 0.00625 0.00625 0.00625 0.00625 0.00625 0.00625 0.00625 0.00625 0.00625 0.00625 0.00625 0.00625 0.00625 0.00625 
0.00625 0.00625 0.00625 0.00625 0.00625 0.00625 0.00625 0.00625 0.00625 0.00625 0.00625 0.00625 0.00625 0.00625 0.00625 0.00625 0.00625 0.00625 0.00625 0.00625 0.00625 0.00625 0.00625 0.00625 0.00625 0.00625 0.00625 0.00625 0.00625 0.00625 0.00625 0.00625 
0.00625 0.00625 0.00625 0.00625 0.00625 0.00625 0.00625 0.00625 0.00625 0.00625 0.00625 0.00625 0.00625 0.00625 0.00625 0.00625 0.00625 0.00625 0.00625 0.00625 0.00625 0.00625 0.00625 0.00625 0.00625 0.00625 0.00625 0.00625 0.00625 0.00625 0.00625 0.00625 
0.00625 0.00625 0.00625 0.00625 0.00625 0.00625 0.00625 0.00625 0.00625 0.00625 0.00625 0.00625 0.00625 0.00625 0.00625 0.00625 0.00625 0.00625 0.00625 0.00625 0.00625 0.00625 0.00625 0.00625 0.00625 0.00625 0.00625 0.00625 0.00625 0.00625 0.00625 0.00625 
0.00625 0.00625 0.00625 0.00625 0.00625 0.00625 0.00625 0.00625 0.00625 0.00625 0.00625 0.00625 0.00625 0.00625 0.00625 0.00625 0.00625 0.00625 0.00625 0.00625 0.00625 0.00625 0.00625 0.00625 0.00625 0.00625 0.00625 0.00625 0.00625 0.00625 0.00625 0.00625 
0.00625 0.00625 0.00625 0.00625 0.00625 0.00625 0.00625 0.00625 0.00625 0.00625 0.00625 0.00625 0.00625 0.00625 0.00625 0.00625 0.00625 0.00625 0.00625 0.00625 0.00625 0.00625 0.00625 0.00625 0.00625 0.00625 0.00625 0.00625 0.00625 0.00625 0.00625 0.00625 
0.00625 0.00625 0.00625 0.00625 0.00625 0.00625 0.00625 0.00625 0.00625 0.00625 0.00625 0.00625 0.00625 0.00625 0.00625 0.00625 0.00625 0.00625 0.00625 0.00625 0.00625 0.00625 0.00625 0.00625 0.00625 0.00625 0.00625 0.00625 0.00625 0.00625 0.00625 0.00625 
0.00625 0.00625 0.00625 0.00625 0.00625 0.00625 0.00625 0.00625 0.00625 0.00625 0.00625 0.00625 0.00625 0.00625 0.00625 0.00625 0.00625 0.00625 0.00625 0.00625 0.00625 0.00625 0.00625 0.00625 0.00625 0.00625 0.00625 0.00625 0.00625 0.00625 0.00625 0.00625 
0.00625 0.00625 0.00625 0.00625 0.00625 0.00625 0.00625 0.00625 0.00625 0.00625 0.00625 0.00625 0.00625 0.00625 0.00625 0.00625 0.00625 0.00625 0.00625 0.00625 0.00625 0.00625 0.00625 0.00625 0.00625 0.00625 0.00625 0.00625 0.00625 0.00625 0.00625 0.00625 
0.00625 0.00625 0.00625 0.00625 0.00625 0.00625 0.00625 0.00625 0.00625 0.00625 0.00625 0.00625 0.00625 0.00625 0.00625 0.00625 0.00625 0.00625 0.00625 0.00625 0.00625 0.00625 0.00625 0.00625 0.00625 0.00625 0.00625 0.00625 0.00625 0.00625 0.00625 0.00625 
0.00625 0.00625 0.00625 0.00625 0.00625 0.00625 0.00625 0.00625 0.00625 0.00625 0.00625 0.00625 0.00625 0.00625 0.00625 0.00625 0.00625 0.00625 0.00625 0.00625 0.00625 0.00625 0.00625 0.00625 0.00625 0.00625 0.00625 0.00625 0.00625 0.00625 0.00625 0.00625 
0.00625 0.00625 0.00625 0.00625 0.00625 0.00625 0.00625 0.00625 0.00625 0.00625 0.00625 0.00625 0.00625 0.00625 0.00625 0.00625 0.00625 0.00625 0.00625 0.00625 0.00625 0.00625 0.00625 0.00625 0.00625 0.00625 0.00625 0.00625 0.00625 0.00625 0.00625 0.00625 
0.00625 0.00625 0.00625 0.00625 0.00625 0.00625 0.00625 0.00625 0.00625 0.00625 0.00625 0.00625 0.00625 0.00625 0.00625 0.00625 0.00625 0.00625 0.00625 0.00625 0.00625 0.00625 0.00625 0.00625 0.00625 0.00625 0.00625 0.00625 0.00625 0.00625 0.00625 0.00625 
0.00625 0.00625 0.00625 0.00625 0.00625 0.00625 0.00625 0.00625 0.00625 0.00625 0.00625 0.00625 0.00625 0.00625 0.00625 0.00625 0.00625 0.00625 0.00625 0.00625 0.00625 0.00625 0.00625 0.00625 0.00625 0.00625 0.00625 0.00625 0.00625 0.00625 0.00625 0.00625 
0.00625 0.00625 0.00625 0.00625 0.00625 0.00625 0.00625 0.00625 0.00625 0.00625 0.00625 0.00625 0.00625 0.00625 0.00625 0.00625 0.00625 0.00625 0.00625 0.00625 0.00625 0.00625 0.00625 0.00625 0.00625 0.00625 0.00625 0.00625 0.00625 0.00625 0.00625 0.00625 
0.00625 0.00625 0.00625 0.00625 0.00625 0.00625 0.00625 0.00625 0.00625 0.00625 0.00625 0.00625 0.00625 0.00625 0.00625 0.00625 0.00625 0.00625 0.00625 0.00625 0.00625 0.00625 0.00625 0.00625 0.00625 0.00625 0.00625 0.00625 0.00625 0.00625 0.00625 0.00625 
0.00625 0.00625 0.00625 0.00625 0.00625 0.00625 0.00625 0.00625 0.00625 0.00625 0.00625 0.00625 0.00625 0.00625 0.00625 0.00625 0.00625 0.00625 0.00625 0.00625 0.00625 0.00625 0.00625 0.00625 0.00625 0.00625 0.00625 0.00625 0.00625 0.00625 0.00625 0.00625 
0.00625 0.00625 0.00625 0.00625 0.00625 0.00625 0.00625 0.00625 0.00625 0.00625 0.00625 0.00625 0.00625 0.00625 0.00625 0.00625 0.00625 0.00625 0.00625 0.00625 0.00625 0.00625 0.00625 0.00625 0.00625 0.00625 0.00625 0.00625 0.00625 0.00625 0.00625 0.00625 
